2020-04-28 16:00:00,2020-04-28 15:30:00,2020-04-28 15:00:00,2020-04-28 14:30:00,2020-04-28 14:00:00,2020-04-28 13:30:00,2020-04-28 13:00:00,2020-04-28 12:30:00,2020-04-28 12:00:00,2020-04-28 11:30:00,2020-04-28 11:00:00,2020-04-28 10:30:00,2020-04-28 10:00:00,2020-04-27 16:00:00,2020-04-27 15:30:00,2020-04-27 15:00:00,2020-04-27 14:30:00,2020-04-27 14:00:00,2020-04-27 13:30:00,2020-04-27 13:00:00,2020-04-27 12:30:00,2020-04-27 12:00:00,2020-04-27 11:30:00,2020-04-27 11:00:00,2020-04-27 10:30:00,2020-04-27 10:00:00,2020-04-24 16:00:00,2020-04-24 15:30:00,2020-04-24 15:00:00,2020-04-24 14:30:00,2020-04-24 14:00:00,2020-04-24 13:30:00,2020-04-24 13:00:00,2020-04-24 12:30:00,2020-04-24 12:00:00,2020-04-24 11:30:00,2020-04-24 11:00:00,2020-04-24 10:30:00,2020-04-24 10:00:00,2020-04-23 16:00:00,2020-04-23 15:30:00,2020-04-23 15:00:00,2020-04-23 14:30:00,2020-04-23 14:00:00,2020-04-23 13:30:00,2020-04-23 13:00:00,2020-04-23 12:30:00,2020-04-23 12:00:00,2020-04-23 11:30:00,2020-04-23 11:00:00,2020-04-23 10:30:00,2020-04-23 10:00:00,2020-04-22 16:00:00,2020-04-22 15:30:00,2020-04-22 15:00:00,2020-04-22 14:30:00,2020-04-22 14:00:00,2020-04-22 13:30:00,2020-04-22 13:00:00,2020-04-22 12:30:00,2020-04-22 12:00:00,2020-04-22 11:30:00,2020-04-22 11:00:00,2020-04-22 10:30:00,2020-04-22 10:00:00,2020-04-21 16:00:00,2020-04-21 15:30:00,2020-04-21 15:00:00,2020-04-21 14:30:00,2020-04-21 14:00:00,2020-04-21 13:30:00,2020-04-21 13:00:00,2020-04-21 12:30:00,2020-04-21 12:00:00,2020-04-21 11:30:00,2020-04-21 11:00:00,2020-04-21 10:30:00,2020-04-21 10:00:00,2020-04-20 16:00:00,2020-04-20 15:30:00,2020-04-20 15:00:00,2020-04-20 14:30:00,2020-04-20 14:00:00,2020-04-20 13:30:00,2020-04-20 13:00:00,2020-04-20 12:30:00,2020-04-20 12:00:00,2020-04-20 11:30:00,2020-04-20 11:00:00,2020-04-20 10:30:00,2020-04-20 10:00:00,2020-04-17 16:00:00,2020-04-17 15:30:00,2020-04-17 15:00:00,2020-04-17 14:30:00,2020-04-17 14:00:00,2020-04-17 13:30:00,2020-04-17 13:00:00,2020-04-17 12:30:00,2020-04-17 12:00:00
285.7800,287.5350,287.3700,288.0900,287.4700,287.4100,287.3200,286.4100,286.8300,287.2700,285.8300,288.8300,289.4800,287.1100,287.5100,287.3600,286.8570,286.5300,286.5400,287.0700,286.7000,286.9100,286.6000,285.7100,285.8500,285.5400,283.0400,282.9200,282.2100,281.6400,281.5400,280.3100,280.2400,279.9957,279.3800,279.1350,279.6100,279.4600,278.8600,279.0800,279.9499,281.3500,280.5900,279.9000,280.3000,281.0300,283.0300,282.3100,283.2500,283.2801,282.4400,281.5400,279.1700,279.9800,279.9900,279.2425,279.2600,279.2207,278.6100,278.8600,278.6800,278.2500,277.5900,277.7000,277.8300,273.6700,274.2900,273.5100,274.9300,274.0400,274.4701,273.4200,272.9600,273.6300,272.8800,274.1715,276.8820,277.6600,281.5900,282.4400,281.7200,282.6340,284.8500,284.5700,285.4000,285.3100,285.9600,285.3500,285.1600,283.6900,283.3600,286.6500,284.6200,283.6300,283.4500,284.1000,283.9921,284.3400,283.3400,283.5200
67.9400,68.3100,68.2700,68.4300,68.3100,68.2900,68.2600,68.1000,68.2000,68.2900,67.9400,68.5700,68.6900,67.9800,67.9800,67.9700,67.8350,67.7600,67.7600,67.8400,67.7800,67.8400,67.7620,67.5900,67.6200,67.5400,66.9100,66.8900,66.7600,66.6400,66.6400,66.3900,66.3700,66.3250,66.2300,66.1300,66.2800,66.2600,66.1800,66.1900,66.3400,66.6100,66.4500,66.3200,66.4400,66.6000,67.0500,66.9000,67.1500,67.2000,67.0500,66.7200,66.2500,66.3600,66.3800,66.2300,66.2200,66.2300,66.1200,66.1800,66.1900,66.1100,65.9700,65.9900,65.9800,64.9700,65.0850,64.8900,65.2226,65.0100,65.1300,64.9500,64.8400,64.9700,64.8300,65.1450,65.6500,65.8400,66.7100,66.8900,66.7300,66.9200,67.4300,67.3900,67.5800,67.5800,67.7000,67.5500,67.4800,67.1700,67.0900,67.7800,67.3800,67.1900,67.1400,67.2500,67.2300,67.2900,67.1000,67.1300
117.2800,117.2400,117.2200,117.2489,117.2400,117.2200,117.1900,117.1750,117.2000,117.1344,117.1385,117.1950,117.1850,116.8400,116.8994,116.9300,116.9600,117.0050,116.9950,116.9900,117.0308,117.0600,116.9900,117.0385,117.0786,117.1750,117.3550,117.3100,117.2900,117.2800,117.3000,117.3377,117.3300,117.3150,117.3000,117.2950,117.2750,117.2300,117.2800,117.4000,117.3700,117.3000,117.3950,117.3850,117.4333,117.3500,117.3057,117.3150,117.2900,117.3400,117.2700,117.3299,117.1100,117.0450,117.0699,117.0400,117.0467,117.0290,117.0034,116.9899,117.0300,117.0450,117.0400,117.1100,117.1800,117.1400,117.1450,117.1500,117.1400,117.0800,117.1300,117.1439,117.2350,117.1850,117.2150,117.1700,117.2500,117.2550,117.1000,117.0603,117.0100,117.0350,116.9850,117.0067,116.9802,116.9600,117.0099,117.0246,117.0600,117.0200,117.0243,117.2250,117.1107,117.0514,117.1050,117.4190,117.4690,117.4390,117.4301,117.4500
91.5500,91.5550,91.5550,91.5565,91.5500,91.5550,91.5550,91.5550,91.5500,91.5574,91.5500,91.5557,91.5600,91.5500,91.5500,91.5501,91.5500,91.5500,91.5500,91.5500,91.5500,91.5500,91.5500,91.5500,91.5500,91.5500,91.5503,91.5600,91.5550,91.5594,91.5564,91.5600,91.5572,91.5500,91.5550,91.5533,91.5500,91.5500,91.5550,91.5600,91.5500,91.5550,91.5600,91.5500,91.5500,91.5550,91.5543,91.5500,91.5600,91.5500,91.5600,91.5550,91.5600,91.5550,91.5550,91.5600,91.5500,91.5600,91.5536,91.5500,91.5600,91.5500,91.5500,91.5531,91.5500,91.5600,91.5600,91.5550,91.5550,91.5600,91.5550,91.5621,91.5600,91.5650,91.5600,91.5630,91.5600,91.5550,91.5600,91.5550,91.5600,91.5586,91.5600,91.5500,91.5600,91.5600,91.5550,91.5522,91.5550,91.5520,91.5550,91.5600,91.5590,91.5600,91.5540,91.5563,91.5600,91.5600,91.5600,91.5543
91.1500,91.1600,91.1200,91.1590,91.1300,91.0800,91.0893,91.0950,91.1074,91.0500,91.0400,91.0100,91.0840,90.8400,90.8860,90.9215,90.9950,91.0100,91.0030,90.8950,91.0300,91.0385,90.9825,90.9700,90.9700,91.0700,91.1400,91.1100,91.1000,91.0704,91.0900,91.1000,91.0970,91.0800,91.1200,91.1072,91.0600,91.0766,91.1300,91.1700,91.1800,91.1750,91.2000,91.2000,91.2650,91.2300,91.1800,91.1700,91.1500,91.1500,91.1300,91.1500,91.0600,91.0400,91.0700,91.0200,91.0080,90.9784,90.9400,90.8880,90.9500,90.9500,90.9900,91.0200,91.0700,91.1214,91.0915,91.0590,91.0115,91.0250,91.0460,91.1250,91.1300,91.0668,91.1900,91.0400,91.1300,91.1400,91.0800,91.0350,91.0600,91.0696,91.0600,91.0800,91.0201,91.0500,90.9906,91.0400,91.0406,90.9922,90.9900,91.1750,91.0716,91.0800,91.0650,91.3210,91.3200,91.3245,91.3100,91.3366
87.4900,87.5200,87.5001,87.5261,87.5100,87.4800,87.4757,87.4650,87.4750,87.4350,87.4400,87.4500,87.4800,87.2600,87.2850,87.3000,87.3357,87.3650,87.3600,87.3450,87.4000,87.4050,87.3550,87.3750,87.4000,87.4300,87.6000,87.5750,87.5550,87.5666,87.5699,87.5764,87.5750,87.5600,87.5550,87.5500,87.5298,87.5150,87.5500,87.6200,87.6250,87.5700,87.6350,87.6200,87.6600,87.6090,87.5800,87.6050,87.5900,87.6400,87.5750,87.6066,87.4700,87.4484,87.4700,87.4363,87.4458,87.4250,87.3850,87.3700,87.3850,87.4050,87.4000,87.4300,87.4650,87.5250,87.4850,87.4900,87.4750,87.4450,87.4700,87.4950,87.5600,87.5242,87.5500,87.5200,87.5750,87.5750,87.4150,87.4250,87.4000,87.4200,87.3766,87.3961,87.3763,87.3857,87.4022,87.4287,87.4550,87.4158,87.4150,87.5600,87.4850,87.4300,87.4800,87.7000,87.7500,87.7200,87.7200,87.7290
57.1500,57.1550,57.1600,57.1550,57.1450,57.1450,57.1200,57.1150,57.1200,57.1450,57.1700,57.0850,57.0600,56.9800,56.9750,56.9850,57.0100,57.0150,57.0250,57.0150,57.0300,57.0100,57.0050,56.9950,56.9950,57.0300,57.0300,56.9700,56.9450,56.9300,56.9400,56.9450,56.9450,56.9578,56.9700,56.9501,56.9500,56.9500,56.9600,56.8250,56.8500,56.8350,56.8500,56.8350,56.8350,56.8050,56.8150,56.8150,56.8250,56.8100,56.8350,56.8000,56.6450,56.6600,56.6500,56.6500,56.6500,56.6400,56.6390,56.6350,56.6340,56.6400,56.6500,56.6500,56.6850,56.7200,56.7104,56.7150,56.7400,56.7740,56.7700,56.7300,56.7450,56.7200,56.7250,56.7400,56.7850,56.7850,56.7400,56.7006,56.7000,56.6950,56.7050,56.7200,56.7150,56.7200,56.7140,56.7281,56.7450,56.7270,56.7700,56.8600,56.8491,56.8150,56.8400,56.8400,56.9150,56.9030,56.8960,56.9100
82.5900,82.6065,82.6000,82.6000,82.6000,82.5939,82.5900,82.5901,82.6050,82.5940,82.5960,82.6100,82.6033,82.5600,82.5650,82.5560,82.5540,82.5912,82.5730,82.5774,82.5750,82.5650,82.5550,82.5550,82.5573,82.5658,82.5900,82.6034,82.6000,82.6136,82.6000,82.6050,82.6163,82.6100,82.6165,82.6050,82.5900,82.6030,82.6200,82.6200,82.6350,82.6350,82.6390,82.6300,82.6195,82.6099,82.5957,82.6050,82.6050,82.6200,82.5950,82.5800,82.5900,82.6000,82.6200,82.5700,82.5750,82.5600,82.5601,82.5700,82.5700,82.5990,82.5700,82.5855,82.5899,82.5800,82.5697,82.5486,82.5500,82.5242,82.5550,82.5600,82.5800,82.5750,82.5650,82.5800,82.5940,82.6500,82.5700,82.6100,82.6050,82.5950,82.5700,82.6150,82.6100,82.6100,82.6507,82.6684,82.6700,82.6400,82.6601,82.7335,82.7250,82.7100,82.7100,82.7700,82.7800,82.7500,82.7500,82.7560
36.2000,36.4300,36.3900,36.4801,36.3900,36.3950,36.3900,36.2500,36.3000,36.3500,36.1200,36.5685,36.6000,36.1400,36.2150,36.1900,36.1199,36.0600,36.0236,36.0450,36.0000,36.0300,35.9500,35.8600,35.8300,35.7300,35.3800,35.4050,35.3037,35.2100,35.2000,35.0301,35.0000,34.9700,34.9100,34.8942,34.9500,34.9350,34.9200,34.8800,34.9900,35.1700,35.0700,35.0100,35.0400,35.1200,35.3991,35.3200,35.4244,35.4400,35.3000,35.1500,34.8800,34.9784,34.9626,34.8658,34.8800,34.8700,34.8300,34.9100,34.8900,34.8201,34.7500,34.7734,34.7600,34.3000,34.3990,34.2600,34.3958,34.2900,34.3800,34.3300,34.2600,34.3500,34.2700,34.5200,34.7024,34.7600,35.2400,35.3100,35.2143,35.3600,35.6700,35.6700,35.7700,35.7400,35.8000,35.7753,35.7600,35.5200,35.5100,35.9500,35.7031,35.5900,35.5400,35.6200,35.6250,35.6500,35.4900,35.5000
241.0500,242.2800,241.8000,242.4590,242.0100,242.0500,242.0900,241.2200,241.5700,241.9200,240.5250,243.2500,243.3100,241.2700,241.6329,241.4190,240.9600,240.5700,240.4499,240.7800,240.5050,240.8090,240.6000,240.1300,239.9300,239.2800,237.8400,237.6700,237.1300,236.5500,236.5300,235.4700,235.4800,235.2600,234.9100,234.6500,235.1200,235.1500,235.1400,235.1000,235.9200,237.0600,236.4000,235.8100,236.0750,236.5600,238.2800,237.7700,238.4711,238.2100,237.5785,236.3000,234.6800,235.3900,235.3900,234.6100,234.7600,234.8228,234.3300,234.7500,234.5850,234.1000,233.5799,233.7276,234.2900,230.5000,231.3600,230.7100,231.7000,230.7599,231.4300,230.7400,230.1800,230.6000,230.1200,231.4100,232.8600,232.9600,236.4700,237.0700,236.7000,237.6620,239.6300,239.5300,239.9900,240.1500,240.7300,240.1700,240.1400,238.6300,238.6300,242.3350,240.3900,239.4800,239.2100,239.8000,239.6900,240.0000,239.0900,239.2948
81.3000,81.7300,81.6300,81.7000,81.4400,81.4869,81.3600,81.0600,81.1700,81.3099,80.7200,81.6800,81.6200,79.9100,80.0500,79.9600,79.8200,79.6650,79.5679,79.7100,79.5300,79.5700,79.2400,79.0100,78.9200,78.6900,77.9000,78.0800,77.8000,77.5301,77.4600,77.1450,76.9600,76.8602,76.8050,76.8200,76.9858,77.0000,77.0400,77.0000,77.2500,77.5700,77.3300,77.1800,77.2550,77.3300,78.0200,77.7900,77.9600,78.0600,77.7600,77.4289,77.1688,77.2900,77.2200,76.9900,77.0300,77.0100,76.9600,77.1411,77.1800,76.9300,76.7200,77.0200,76.8500,76.0200,76.1400,75.7100,76.0500,75.7400,76.0600,75.9600,75.7991,75.9800,76.4100,76.4900,76.7400,76.9600,77.8700,78.0101,77.7278,78.1100,78.8700,78.9200,79.2400,79.2800,79.5400,79.3100,79.3000,78.7950,78.9700,80.2600,79.7200,79.4100,79.3300,79.5600,79.6000,79.6500,79.3300,79.2600
36.3700,36.5300,36.5100,36.5550,36.4900,36.5099,36.5000,36.4450,36.5000,36.5000,36.3700,36.6500,36.6500,36.2800,36.2700,36.2600,36.2050,36.1700,36.1600,36.1900,36.1600,36.1900,36.1650,36.1200,36.1550,36.1200,35.5900,35.5400,35.5200,35.5000,35.5100,35.4400,35.4200,35.4100,35.4100,35.3108,35.4100,35.4200,35.4900,35.6300,35.7150,35.8300,35.7900,35.7000,35.7650,35.8500,36.0650,36.0300,36.1800,36.2035,36.1900,36.0400,35.7500,35.7500,35.7850,35.7400,35.7600,35.7900,35.7600,35.7900,35.8200,35.7898,35.7750,35.7400,35.7600,34.8200,34.9150,34.8100,34.9500,34.8600,34.9150,34.8600,34.7900,34.8900,34.7900,34.8800,35.1250,35.1400,35.7700,35.8450,35.7600,35.8700,36.0900,36.0800,36.1600,36.1600,36.2000,36.1650,36.1500,36.0499,35.9700,36.2600,36.1650,36.1000,36.0500,36.0900,36.1000,36.1300,36.0750,36.0600
56.3400,56.6200,56.6000,56.7187,56.6500,56.6400,56.5800,56.5111,56.6300,56.6800,56.4050,56.7950,56.8050,55.9400,55.9201,55.9800,55.8400,55.7800,55.7550,55.7800,55.7850,55.8500,55.7800,55.6300,55.6150,55.5700,55.2200,55.1300,55.0035,54.9550,54.9900,54.8050,54.7800,54.7400,54.7100,54.6200,54.8000,54.7600,54.7200,54.5800,54.6150,54.7600,54.6850,54.5400,54.6700,54.8400,55.2000,55.0800,55.3550,55.4800,55.4050,55.0000,54.7500,54.7799,54.7800,54.6700,54.6500,54.6700,54.6400,54.6600,54.7100,54.6700,54.5700,54.5666,54.5700,53.8900,53.9321,53.7100,53.9300,53.7700,53.8800,53.8500,53.7950,53.8400,53.7900,54.0400,54.4000,54.4300,54.9100,55.1050,54.9700,55.1100,55.5100,55.5100,55.6450,55.6700,55.7400,55.5600,55.5600,55.3500,55.2900,55.7600,55.5150,55.4000,55.3600,55.4500,55.4500,55.4600,55.3600,55.4300
64.7800,65.0270,65.0000,65.1000,65.0600,65.0300,64.9735,64.9100,65.0200,65.0400,64.8300,65.1200,65.1400,64.5600,64.5601,64.5800,64.4901,64.4600,64.4301,64.4300,64.4330,64.4700,64.4259,64.2700,64.2650,64.2501,63.8900,63.8363,63.7467,63.6700,63.7200,63.5500,63.5400,63.4900,63.4800,63.3900,63.5200,63.5096,63.4900,63.3200,63.3400,63.4500,63.3791,63.2900,63.3903,63.5400,63.8650,63.7600,64.0100,64.1500,64.0500,63.7600,63.7100,63.6900,63.7100,63.6068,63.6100,63.6100,63.5700,63.6200,63.6300,63.6235,63.5100,63.5300,63.5500,62.8600,62.9500,62.7400,62.9700,62.8400,62.8800,62.8400,62.8350,62.9000,62.8600,63.0600,63.3601,63.3200,63.7600,63.8700,63.7400,63.8600,64.2200,64.2200,64.3700,64.3700,64.4200,64.3200,64.2800,64.0842,64.0327,64.3800,64.0750,63.9800,63.9550,64.0700,64.0500,64.0800,63.9100,63.9500
98.7400,98.8200,98.7900,98.7750,98.6300,98.4400,98.3700,98.2100,98.1100,98.0800,97.7800,98.1800,98.1900,97.7950,97.7900,97.7800,97.8250,97.8850,97.8322,97.8750,97.9287,97.9100,97.8550,97.9000,97.9850,97.6200,97.9500,97.8600,97.8500,97.7900,97.7200,97.7100,97.6000,97.7000,97.6900,97.6800,97.8500,97.9692,97.9200,98.3500,98.4100,98.3400,98.3400,98.2300,98.3200,98.3500,98.5950,98.4300,98.5400,98.6650,98.5900,98.2900,97.9000,97.8600,98.0400,97.8000,97.7700,97.8400,97.7500,97.5600,97.6900,97.8200,97.7200,97.6900,97.7500,97.8400,97.7900,97.2700,97.4900,97.5300,97.6100,97.6100,97.7600,97.6500,97.7000,97.9050,98.1650,97.9900,99.2500,99.2550,99.2600,99.2550,99.3650,99.4234,99.4025,99.4350,99.6100,99.4350,99.4800,99.2400,99.2800,99.7500,99.6700,99.7100,99.6950,99.6834,99.7100,99.7550,99.6500,99.6400
52.2700,52.4700,52.4700,52.5700,52.5400,52.5300,52.4650,52.4432,52.4750,52.4700,52.3800,52.6100,52.6031,51.5900,51.5500,51.5700,51.4900,51.4401,51.4700,51.4900,51.5000,51.5900,51.6000,51.5200,51.4900,51.4500,50.9200,50.9300,50.8200,50.8000,50.8600,50.7400,50.7700,50.7500,50.7200,50.6000,50.7100,50.6900,50.6300,50.5700,50.6150,50.6900,50.6400,50.6600,50.7100,50.7800,51.0150,50.9500,51.1100,51.2100,51.1600,50.9400,50.4100,50.4350,50.4000,50.3100,50.3000,50.3800,50.3200,50.3200,50.3300,50.2900,50.1700,50.1600,50.1400,49.6000,49.6900,49.5400,49.6700,49.5800,49.7000,49.7300,49.6750,49.7200,49.6400,49.7900,50.0400,50.0700,50.0400,50.1900,50.1000,50.2300,50.4600,50.4900,50.5900,50.6300,50.6800,50.6100,50.6800,50.5300,50.5150,50.8300,50.5801,50.4400,50.4150,50.5100,50.5500,50.5100,50.4600,50.5200
49.9000,49.8950,49.8900,49.9000,49.8913,49.8950,49.8950,49.8900,49.8875,49.8900,49.8860,49.9050,49.9000,49.8800,49.8700,49.8800,49.8800,49.8734,49.8650,49.8650,49.8650,49.8700,49.8750,49.8800,49.8750,49.8850,49.8900,49.8636,49.8523,49.8500,49.8557,49.8500,49.8400,49.8200,49.8200,49.8000,49.8014,49.8100,49.8100,49.8500,49.7850,49.7800,49.7850,49.7850,49.7850,49.7850,49.7850,49.7850,49.7800,49.7750,49.7750,49.7950,49.7550,49.7600,49.7514,49.7550,49.7550,49.7500,49.7650,49.7950,49.7857,49.8100,49.7900,49.7800,49.8300,49.8400,49.8100,49.8133,49.8100,49.8300,49.7950,49.7400,49.7799,49.7999,49.7550,49.7550,49.7800,49.7500,49.8200,49.8150,49.8300,49.8214,49.8411,49.8350,49.8311,49.8327,49.8300,49.8320,49.8480,49.8200,49.8200,49.8400,49.8200,49.8400,49.8700,49.8552,49.8550,49.8550,49.8500,49.8543
30.1000,30.2750,30.2500,30.2946,30.2200,30.2300,30.1900,30.1000,30.1500,30.1700,30.0000,30.3700,30.3200,29.7500,29.8200,29.8100,29.7400,29.7100,29.6800,29.7200,29.6650,29.6401,29.5300,29.4700,29.4600,29.3600,29.0500,29.0850,29.0000,28.9000,28.9020,28.7850,28.7100,28.6726,28.6300,28.6600,28.6800,28.7000,28.6800,28.6900,28.7900,28.9000,28.8300,28.7900,28.8300,28.8300,29.0600,29.0100,29.1000,29.1300,29.0236,28.9800,28.8600,28.9200,28.8856,28.8300,28.8200,28.8450,28.7900,28.8834,28.8600,28.7819,28.7000,28.7700,28.7000,28.4400,28.4791,28.3400,28.4574,28.3700,28.4400,28.4000,28.3200,28.3900,28.3700,28.5400,28.6321,28.6600,29.0300,29.0500,28.9450,29.0699,29.3400,29.3450,29.4699,29.4500,29.5100,29.4500,29.4600,29.2650,29.3200,29.7500,29.5699,29.4700,29.4446,29.5100,29.5099,29.5572,29.4463,29.4200
33.8100,33.7050,33.8000,33.8970,33.8850,33.7900,33.7000,33.7500,33.5600,33.3900,33.2900,33.3200,33.1400,33.7700,33.7300,33.7400,33.7550,33.8000,33.6372,33.6900,33.7200,33.4500,33.6388,33.3900,33.2687,33.4500,33.8800,33.6700,33.7200,33.7850,33.8700,33.5100,33.4800,33.2458,33.0700,33.1200,33.7800,33.6735,33.8300,33.4000,33.4750,33.6800,33.4399,33.1900,33.7050,33.7700,34.0150,33.6500,34.1650,34.2700,34.4350,34.0900,32.5100,32.5101,32.5100,32.4800,32.2350,32.4000,32.1400,32.1300,32.1700,31.9637,31.9400,31.8500,31.9200,30.5600,30.7400,30.5300,30.6100,30.4400,30.2700,30.2100,30.3000,30.3100,30.1400,30.2900,30.5750,30.4900,30.7600,30.6500,30.4200,30.5500,30.9300,31.0050,30.9000,30.9145,30.8200,30.7100,30.3789,30.1800,30.3780,29.9300,29.9600,30.0200,29.9300,29.8800,29.9666,29.9100,29.9800,30.0900
160.8100,160.2700,160.5250,160.5300,160.6900,160.6700,160.4800,160.5800,160.3400,160.2400,159.8500,159.8443,159.7700,161.5700,161.3800,161.0900,160.9550,160.9500,161.0000,161.0275,161.2156,160.9000,160.9700,161.0800,160.9100,161.3600,162.7000,162.4650,162.3300,162.2800,162.2700,161.8200,161.7000,161.4500,161.1300,161.3700,162.3100,162.1600,162.6950,163.1800,163.1500,162.7200,162.6500,162.0900,162.1100,162.2700,162.9700,162.6900,163.1600,163.2400,163.3869,162.6600,161.7300,161.3550,161.3900,161.2758,161.1815,161.3500,161.2400,161.2900,160.8950,160.7300,160.7800,160.8700,160.7600,158.6400,158.3500,158.1700,157.9800,157.8300,157.5700,157.4100,157.9600,157.9000,157.9000,158.4000,158.4100,158.0700,159.6300,159.4200,159.0300,158.7700,159.2000,159.4800,159.3500,159.4500,159.9500,159.3400,159.1499,158.7787,159.2500,158.5400,158.3900,158.4300,158.5550,158.6200,158.5200,158.7300,158.8250,159.0400
28.1550,28.1550,28.1500,28.1541,28.1600,28.1500,28.1500,28.1450,28.1450,28.1350,28.1400,28.1263,28.1200,28.0600,28.0650,28.0650,28.0750,28.0969,28.0923,28.0950,28.1050,28.1001,28.0850,28.0870,28.1000,28.1150,28.1950,28.1980,28.1899,28.1800,28.1710,28.1800,28.1850,28.1800,28.1800,28.1900,28.1800,28.1799,28.1700,28.2000,28.1800,28.1657,28.1872,28.1750,28.2100,28.1800,28.1550,28.1695,28.1650,28.1850,28.1650,28.1850,28.1550,28.1450,28.1580,28.1450,28.1434,28.1423,28.1500,28.1350,28.1550,28.1700,28.1600,28.1800,28.1890,28.2400,28.2250,28.2300,28.2400,28.2500,28.2541,28.2601,28.2699,28.2700,28.2900,28.2700,28.2785,28.2600,28.1600,28.1507,28.1400,28.1400,28.1200,28.1150,28.1026,28.1199,28.1137,28.1300,28.1400,28.1301,28.1287,28.1000,28.1000,28.0900,28.0850,28.1899,28.1950,28.1800,28.1810,28.1943
78.8700,78.8250,78.7700,78.7800,78.6450,78.6200,78.6400,78.5200,78.7100,78.6550,78.5200,78.8000,78.7150,78.6400,78.7250,78.6700,78.6750,78.6350,78.7400,78.7800,78.8400,78.8900,78.8150,78.7950,78.7650,78.7200,78.3100,78.4500,78.4800,78.3850,78.3800,78.3250,78.2700,78.2550,78.3050,78.4350,78.4250,78.3400,78.5650,79.0600,79.0300,79.1400,79.0800,78.9900,79.0500,79.0600,79.4000,79.4200,79.4700,79.5250,79.4200,79.3100,79.1100,79.2400,79.2400,79.1200,79.1500,79.1200,79.0300,79.0400,79.1050,79.0150,78.9950,78.9000,78.9900,78.4200,78.3900,78.2800,78.4250,78.4050,78.5800,78.5400,78.3850,78.6800,78.6000,78.7200,79.0500,78.9200,79.8800,79.8900,79.7800,79.9900,80.3200,80.2450,80.4800,80.5500,80.7600,80.6100,80.4650,80.2800,80.1800,81.0750,81.0050,80.9800,80.9500,81.1100,81.1800,81.1800,81.2000,81.1500
16.3300,16.2800,16.3100,16.3050,16.3200,16.3200,16.3000,16.3100,16.2800,16.2700,16.2300,16.2300,16.2200,16.4100,16.3900,16.3700,16.3450,16.3500,16.3500,16.3600,16.3735,16.3500,16.3500,16.3500,16.3400,16.3800,16.5200,16.5000,16.4800,16.4800,16.4800,16.4370,16.4300,16.4000,16.3700,16.3950,16.4900,16.4650,16.5300,16.5700,16.5756,16.5300,16.5150,16.4600,16.4700,16.4800,16.5500,16.5300,16.5790,16.5700,16.5875,16.5296,16.4200,16.3900,16.3900,16.3800,16.3800,16.3867,16.3800,16.3800,16.3400,16.3198,16.3300,16.3300,16.3300,16.1100,16.0800,16.0600,16.0450,16.0300,15.9981,15.9700,16.0400,16.0300,16.0350,16.0900,16.0900,16.0500,16.2300,16.1900,16.1400,16.1201,16.1600,16.1956,16.1800,16.1901,16.2400,16.1800,16.1558,16.1200,16.1515,16.0900,16.0701,16.0900,16.1000,16.1100,16.0950,16.1200,16.1300,16.1500
122.0000,121.9800,121.9650,121.9850,122.0200,121.9500,121.9270,121.9300,121.9269,121.8200,121.8978,121.8401,121.7802,121.4900,121.5600,121.5800,121.6000,121.6760,121.6900,121.6327,121.6650,121.6750,121.5900,121.6266,121.6492,121.7100,122.1200,122.1350,122.1100,122.0700,122.0400,122.0700,122.0700,122.0700,122.0800,122.0650,122.0700,122.0300,121.9800,122.1000,122.0800,121.9950,122.0900,122.0300,122.1050,122.0100,121.9000,121.9885,121.9850,122.0700,121.9720,122.0500,122.0300,121.9400,121.9850,121.9250,121.9433,121.9400,121.9250,121.8750,121.9450,122.0350,122.0600,122.1700,122.1800,122.4300,122.3450,122.4200,122.3850,122.4200,122.4400,122.5125,122.5900,122.5600,122.6353,122.5800,122.5800,122.4600,122.0700,122.0050,121.9789,121.9500,121.8700,121.8900,121.8350,121.8500,121.8900,121.9100,122.0000,121.9500,121.9200,121.7600,121.7400,121.6500,121.6900,122.0800,122.1350,122.0700,122.0600,122.0850
52.6900,52.9395,52.9200,53.0200,52.9700,52.9600,52.9000,52.8300,52.9400,52.9700,52.7500,53.1000,53.1100,52.2600,52.2700,52.3042,52.1700,52.1200,52.1100,52.1200,52.1300,52.1950,52.1500,52.0000,51.9850,51.9600,51.6000,51.5400,51.4100,51.3720,51.4000,51.2300,51.2200,51.1732,51.1500,51.0600,51.2200,51.1864,51.1400,51.0000,51.0500,51.1900,51.1000,50.9900,51.0950,51.2400,51.5900,51.4800,51.7100,51.8150,51.7600,51.4000,51.1200,51.1169,51.1400,51.0300,51.0100,51.0300,51.0000,51.0300,51.0700,51.0350,50.9500,50.9300,50.9400,50.2400,50.3600,50.1500,50.3500,50.2100,50.3100,50.2800,50.2200,50.2500,50.2350,50.4600,50.7900,50.8200,51.2700,51.4200,51.3050,51.4400,51.8100,51.8100,51.9400,51.9700,52.0200,51.8700,51.8600,51.6800,51.6300,52.0150,51.7927,51.6900,51.6400,51.7400,51.7310,51.7420,51.6500,51.7200
133.3600,133.3300,133.3300,133.3469,133.3500,133.3200,133.3300,133.3272,133.3200,133.2899,133.3100,133.2888,133.2750,133.1000,133.1380,133.1100,133.1250,133.1650,133.1750,133.1463,133.1406,133.1400,133.0871,133.1000,133.1050,133.1400,133.3700,133.3650,133.3700,133.3600,133.3500,133.3532,133.3580,133.3590,133.3595,133.3590,133.3550,133.3300,133.3300,133.3400,133.3500,133.3000,133.3418,133.3159,133.3650,133.3150,133.2721,133.3153,133.3000,133.3200,133.2900,133.3286,133.3700,133.3264,133.3500,133.3050,133.3100,133.3150,133.2900,133.2750,133.3090,133.3500,133.3700,133.4200,133.4150,133.5300,133.5250,133.5400,133.5034,133.5100,133.5361,133.5700,133.6250,133.6150,133.6600,133.6263,133.6100,133.5700,133.4200,133.4058,133.4000,133.3800,133.3296,133.3650,133.3366,133.3300,133.3400,133.3756,133.4170,133.3900,133.3800,133.3200,133.3650,133.3200,133.3400,133.5000,133.5250,133.4950,133.4800,133.4900
43.3600,43.5450,43.5200,43.5700,43.5000,43.5150,43.5100,43.4350,43.5000,43.5000,43.3500,43.6700,43.6800,43.2600,43.2250,43.2050,43.1400,43.1100,43.0979,43.1300,43.0801,43.1400,43.0920,43.0400,43.0800,43.0300,42.3900,42.3400,42.3200,42.2800,42.2950,42.2050,42.1900,42.1800,42.1800,42.0800,42.1900,42.2100,42.2800,42.4500,42.5559,42.6800,42.6400,42.5400,42.6100,42.7100,42.9500,42.9200,43.1050,43.1250,43.1100,42.9400,42.5600,42.5700,42.6200,42.5600,42.5900,42.6000,42.5700,42.6100,42.6400,42.6100,42.5900,42.5450,42.5800,41.4900,41.5900,41.4550,41.6200,41.5100,41.5750,41.5100,41.4400,41.5500,41.4400,41.5400,41.8300,41.8400,42.6200,42.6650,42.5600,42.6900,42.9500,42.9300,43.0200,43.0300,43.0700,43.0200,43.0000,42.8800,42.8000,43.1200,43.0099,42.9300,42.8800,42.9300,42.9400,42.9799,42.9101,42.8900
57.5500,57.5975,57.5999,57.5741,57.5600,57.5299,57.5215,57.5433,57.5601,57.5200,57.4900,57.5170,57.5800,57.4100,57.4500,57.5200,57.5200,57.5325,57.5000,57.5250,57.5950,57.6000,57.5600,57.6025,57.6000,57.6650,57.6800,57.6550,57.6300,57.6600,57.6600,57.6800,57.6650,57.6500,57.5900,57.5900,57.5300,57.5400,57.6000,57.6800,57.7100,57.7200,57.6900,57.6900,57.7100,57.6900,57.7000,57.6800,57.6600,57.6600,57.6200,57.5600,57.3800,57.4500,57.4409,57.4100,57.4500,57.3750,57.3250,57.3400,57.3700,57.3700,57.4100,57.4200,57.4500,57.3700,57.3479,57.3100,57.2691,57.2600,57.2900,57.2600,57.3200,57.2700,57.2910,57.3100,57.3700,57.4800,57.5250,57.4900,57.4600,57.4900,57.5200,57.4500,57.4400,57.4800,57.4700,57.4300,57.4695,57.4000,57.3800,57.6200,57.5300,57.5200,57.5600,57.6500,57.6850,57.6900,57.6750,57.6900
53.4700,53.4666,53.4600,53.4867,53.4800,53.4750,53.4900,53.4766,53.4900,53.4800,53.4527,53.4999,53.5200,53.4000,53.4900,53.5200,53.5050,53.5195,53.5057,53.4950,53.5075,53.4923,53.5000,53.4800,53.4900,53.5101,53.5250,53.4900,53.5100,53.5050,53.5100,53.5050,53.5150,53.5050,53.5150,53.5000,53.5100,53.5050,53.5300,53.5400,53.5350,53.5300,53.5199,53.5100,53.5200,53.4957,53.5000,53.5100,53.5150,53.5200,53.4750,53.4950,53.4500,53.4350,53.4400,53.4100,53.4300,53.4100,53.3900,53.4000,53.4000,53.3990,53.4300,53.4150,53.4200,53.3400,53.3041,53.3000,53.2800,53.2950,53.3050,53.3204,53.3250,53.3350,53.3400,53.3699,53.3550,53.4100,53.5500,53.5350,53.5300,53.5600,53.5400,53.5400,53.5900,53.6250,53.6073,53.6140,53.6200,53.6000,53.6200,53.6800,53.6800,53.7150,53.7231,53.7400,53.7506,53.7600,53.7950,53.7475
162.5100,164.0110,163.7700,164.2100,163.8700,164.1400,163.4136,162.7536,162.9000,162.5400,161.2200,163.9100,164.7400,160.9600,161.5155,161.4600,160.9300,160.8400,160.5400,160.9799,160.2800,159.9700,159.3450,158.6900,158.4229,157.7105,154.5600,155.1568,154.5941,154.1231,154.0100,153.2600,152.7600,152.6000,152.3700,152.5300,152.5890,152.4900,152.6100,152.3900,152.9500,153.5200,152.9000,152.6600,153.0800,153.1900,154.5800,153.8100,154.3300,154.3500,153.2800,152.4000,150.7800,151.1804,151.0619,150.8651,150.8300,150.9713,150.7100,151.2123,151.2200,150.8100,150.4944,150.7800,150.5300,148.9200,149.1188,148.6400,149.3100,148.8300,149.2200,148.5500,148.2550,148.7600,148.1700,149.1300,150.5900,150.5600,152.6900,153.0417,152.0900,152.5875,154.3900,154.3999,155.1100,155.3100,155.3200,154.9046,154.9787,153.5900,153.6300,155.6600,155.1800,154.6800,154.6200,154.9700,155.1859,155.4420,154.7900,154.8300
62.5900,62.9900,62.7800,63.0079,62.9300,62.9100,62.6700,62.4000,62.4500,62.3200,61.7100,62.8200,62.8900,61.2300,61.6400,61.6200,61.3900,61.3500,61.1500,61.3000,60.9500,60.8500,60.6500,60.4000,60.2200,60.0900,58.7200,59.1600,58.7500,58.6000,58.6200,58.3266,58.1000,58.0300,58.0100,58.0100,58.1400,58.0000,58.0900,58.0100,58.3900,58.5500,58.2800,58.1600,58.3300,58.2700,58.8000,58.5200,58.7800,58.7900,58.4100,57.9300,57.3100,57.5000,57.4500,57.3863,57.3900,57.3637,57.2900,57.5101,57.6500,57.4500,57.3900,57.5800,57.4400,56.8900,57.0700,56.7600,56.9500,56.6900,56.9200,56.7500,56.6100,56.7900,56.5200,56.8600,57.3800,57.3100,58.1000,58.0900,57.6000,57.8800,58.7400,58.7466,58.9200,58.9831,59.0800,58.9700,59.0000,58.3900,58.5500,59.3000,59.1586,58.9500,58.8600,58.9600,59.0100,59.2967,58.9500,59.0100
63.7100,64.1200,64.0700,64.2400,64.1100,64.1000,64.0517,63.8401,63.9200,64.0000,63.6400,64.3499,64.5193,63.9300,64.0150,63.9700,63.8600,63.7900,63.7843,63.9200,63.8100,63.8400,63.7463,63.5200,63.5600,63.4800,62.7600,62.8000,62.6400,62.4947,62.4800,62.1943,62.1400,62.1000,61.9800,61.9300,62.0100,61.9867,61.8800,61.8900,62.1000,62.4000,62.2132,62.0700,62.1900,62.3400,62.7871,62.6100,62.8200,62.8371,62.6100,62.3600,61.8700,62.0100,62.0100,61.8600,61.8700,61.8500,61.7200,61.8000,61.8000,61.6700,61.5200,61.5970,61.5400,60.6400,60.8100,60.6300,60.9750,60.7300,60.8200,60.5700,60.4800,60.6200,60.4000,60.7700,61.3800,61.5400,62.4400,62.5800,62.3910,62.6000,63.1300,63.0671,63.2700,63.2600,63.3900,63.2600,63.2300,62.8600,62.7457,63.5000,63.1000,62.8600,62.8300,62.9600,62.9600,63.0400,62.8100,62.8200
106.6400,107.2900,107.2200,107.4400,107.1700,107.1700,107.1400,106.8150,106.9000,107.0200,106.3700,107.5900,107.6400,106.2200,106.3900,106.2900,106.1000,105.9400,105.8700,105.9300,105.7900,105.7984,105.5300,105.2700,105.1350,104.8900,104.0200,104.1100,103.8100,103.4700,103.4800,102.9800,102.8500,102.7600,102.6500,102.6200,102.8211,102.7800,102.8800,102.6900,103.0500,103.4900,103.2100,102.9900,103.0700,103.2400,104.1200,103.8100,104.1500,104.1800,103.8000,103.3700,102.6800,102.8866,102.8500,102.5900,102.6600,102.7200,102.5400,102.8000,102.7400,102.5270,102.2900,102.4000,102.3900,101.0900,101.5000,101.1000,101.4500,101.1700,101.4400,101.2900,101.1100,101.3100,101.1700,101.8800,102.4000,102.5000,103.8700,104.0600,103.7778,104.1600,105.0600,105.0800,105.4400,105.3700,105.6000,105.3700,105.3600,104.6200,104.7100,106.0600,105.2315,104.9200,104.8100,105.0700,105.0800,105.1400,104.7300,104.7100
286.7400,288.4500,288.2900,289.0400,288.4200,288.3499,288.2600,287.3300,287.7600,288.2100,286.7700,289.7200,290.4100,288.0700,288.4400,288.3100,287.7600,287.4600,287.4700,287.9200,287.6486,287.8600,287.5600,286.6300,286.8100,286.4400,283.9800,283.8300,283.1200,282.5200,282.4300,281.2100,281.1400,280.8900,280.2600,280.0000,280.4200,280.3600,279.8500,279.9100,280.8700,282.2800,281.4100,280.7600,281.2700,281.9400,283.9300,283.2400,284.1800,284.1600,283.3300,282.3900,280.0800,280.8600,280.9100,280.1300,280.1500,280.1200,279.4600,279.7700,279.5500,279.1200,278.4800,278.5900,278.6800,274.4000,275.2082,274.2800,275.8000,274.9000,275.3300,274.3400,273.8500,274.4300,273.6101,275.1400,277.4400,278.5000,282.3800,283.3200,282.5900,283.4800,285.7600,285.5127,286.3094,286.1800,286.8700,286.2600,285.9800,284.6800,284.2300,287.5500,285.5150,284.5100,284.4100,285.0100,284.8947,285.2200,284.1900,284.4200
183.1600,184.3908,184.3000,184.8400,184.4300,184.4000,184.2967,183.7290,184.0550,184.4879,183.7000,185.4100,186.1600,185.3600,185.5200,185.4070,185.1400,185.0200,185.1500,185.4700,185.4200,185.5599,185.6400,184.9300,185.3500,185.3700,183.5800,183.2200,183.0150,182.7096,182.5800,181.8770,181.9400,181.7580,181.1900,181.0300,181.1400,181.2200,180.3600,180.8700,181.3200,182.4050,181.7936,181.2700,181.6264,182.3700,183.4977,182.7400,183.5800,183.8186,183.1010,182.6200,180.9600,181.6800,181.6700,181.1700,181.1500,180.9800,180.5000,180.5000,180.3700,180.1800,179.7800,179.8300,179.8100,176.1900,177.1530,176.4750,177.8600,177.0700,177.2800,176.1500,175.9809,176.3600,175.7850,176.4100,178.6100,179.3300,182.0900,182.8300,182.3600,182.9078,184.2600,183.9300,184.4785,184.3300,184.8600,184.4350,184.3200,183.6905,183.0400,184.9800,183.7800,183.0700,183.0809,183.3150,183.3100,183.6155,182.9940,183.1600
157.5900,158.6100,158.4200,158.8405,158.5400,158.5500,158.4500,157.9200,158.1600,158.4000,157.4400,159.1500,159.6700,158.2600,158.4200,158.3500,158.1455,157.9000,157.9100,158.2000,158.0000,158.0500,157.8700,157.3200,157.3300,157.3300,155.6600,155.6500,155.2900,154.8700,154.8300,154.1401,154.1400,153.9900,153.6700,153.6950,153.8100,153.7300,153.4000,153.6100,153.9400,154.7900,154.3250,153.8400,154.2400,154.6000,155.7300,155.2900,155.7900,155.8200,155.2100,154.8300,153.4800,154.0065,153.9699,153.5252,153.5400,153.4371,153.1400,153.3053,153.2700,153.0450,152.7400,152.6900,152.6700,150.2000,150.8388,150.3010,151.2228,150.7100,150.8500,150.1600,150.0599,150.4400,149.8755,150.7750,152.3300,152.6300,154.8800,155.1400,154.9100,155.4400,156.6300,156.5300,157.0400,157.1000,157.2900,156.8800,156.9000,156.1396,155.7500,157.5300,156.5100,155.9800,155.8800,156.1800,156.2900,156.4000,155.8645,155.8400
110.1900,110.8400,110.7500,110.9600,110.6700,110.7000,110.6200,110.2800,110.4200,110.4600,109.7200,111.1400,111.2100,109.4500,109.5800,109.5300,109.3000,109.1600,109.0700,109.1500,108.9750,108.9700,108.6550,108.3500,108.1700,107.9000,106.9000,107.0536,106.7500,106.3700,106.3700,105.8900,105.6900,105.5700,105.5100,105.4600,105.7300,105.6300,105.7600,105.6300,106.0000,106.4600,106.1700,106.0000,105.9850,106.2200,107.1228,106.8600,107.2100,107.2616,106.7500,106.3100,105.6300,105.8500,105.8150,105.5500,105.5800,105.6300,105.4500,105.7000,105.6800,105.5000,105.2550,105.3500,105.3200,104.1400,104.2800,103.8600,104.2400,103.9500,104.2300,104.0700,103.8300,104.0600,103.8400,104.6300,105.1300,105.2500,106.6300,106.7300,106.3900,106.8400,107.7800,107.8500,108.2150,108.2393,108.3900,108.1900,108.1700,107.3900,107.4900,108.9700,108.1900,107.8200,107.7200,108.0100,107.9900,108.0600,107.6000,107.5400
168.0200,169.1300,169.0500,169.5600,169.2600,169.1996,169.1200,168.5766,168.7400,169.1300,168.3500,169.8894,170.7250,170.2000,170.4000,170.3700,170.0850,169.9300,170.0600,170.4800,170.3100,170.4400,170.4592,169.8500,170.1724,170.1500,168.3700,168.1780,167.8437,167.5700,167.4800,166.8300,166.9000,166.7700,166.2600,166.1400,166.2300,166.1900,165.4700,165.7200,166.1800,167.2200,166.6049,166.0900,166.6400,167.1300,168.2000,167.5900,168.2600,168.2700,167.7994,167.3500,165.8200,166.2800,166.3200,165.8900,165.8600,165.7400,165.2900,165.3300,165.1884,164.9612,164.5100,164.5485,164.5500,161.4400,162.2900,161.8087,163.0300,162.4500,162.5150,161.4600,161.3439,161.7300,161.1100,161.7200,164.0300,164.7300,167.2600,167.8250,167.4800,167.9800,169.1200,168.8196,169.3200,169.2700,169.6000,169.2100,169.0000,168.4000,167.7300,169.4200,168.4000,167.7900,167.8000,168.0100,168.0102,168.2400,167.7300,167.9200
129.2800,130.1300,129.7300,130.2600,130.1600,130.0150,129.6200,128.9600,129.0300,128.8000,127.4900,129.8900,130.2000,127.3800,128.1645,128.1400,127.6300,127.7100,127.2650,127.7400,127.0600,126.9000,126.4000,125.9100,125.5900,125.6000,122.5500,123.2900,122.4900,122.1435,122.2000,121.5550,121.0800,120.9400,120.7500,120.6050,120.7700,120.5200,120.3600,120.4400,121.3550,121.8100,121.2000,120.7600,121.1300,121.2400,122.3450,121.7600,122.3000,122.3900,121.6700,120.8400,119.3000,119.7500,119.6500,119.4850,119.5100,119.3900,119.2200,119.6500,119.9600,119.4800,119.3100,119.4800,119.3900,117.9200,118.3300,117.6800,118.1100,117.5600,117.8900,117.3800,117.0100,117.4500,116.7600,117.6500,119.1500,119.1100,120.6000,120.6100,119.5200,120.1400,121.8200,121.8400,122.2800,122.4100,122.5100,122.2700,122.1600,120.7400,120.8900,122.0500,121.8850,121.3600,121.1400,121.3500,121.3200,121.9000,121.1800,121.3000
139.2500,140.3400,140.2600,140.7800,140.3600,140.2400,140.0042,139.5519,139.6400,139.7300,138.7400,140.3700,140.9187,139.8200,139.8200,139.8223,139.7500,139.6400,139.6700,140.0400,139.7200,139.5279,139.1800,138.5500,138.4500,138.6200,136.6100,136.5700,136.4100,136.1300,136.2000,135.3438,135.4100,135.3100,134.8500,134.7950,134.8600,134.5600,134.1730,134.5400,134.8300,135.5400,135.0900,134.7400,135.1300,135.4500,136.3600,135.8900,136.3700,136.3700,135.4895,134.9250,134.4000,134.6099,134.4950,134.2052,134.2100,134.1300,133.7700,133.9500,133.8200,133.5000,133.0150,133.1231,133.2300,130.6300,131.2300,130.9400,132.0999,131.6100,131.5750,130.7100,130.6337,130.9400,130.2900,131.0700,132.9700,133.5700,135.5600,135.8400,135.5100,136.2291,137.0300,136.9445,137.5600,137.6100,137.6200,137.1800,137.0800,136.4150,136.0158,137.2500,136.5000,136.2200,136.2201,136.5100,136.3568,136.3273,135.8750,135.7500
49.0800,49.4490,49.4100,49.5400,49.4000,49.4100,49.3200,49.1600,49.2200,49.1700,48.8300,49.5000,49.6000,48.7500,48.8067,48.7900,48.7000,48.6600,48.6350,48.7500,48.6000,48.5300,48.3600,48.2000,48.1500,48.1000,47.3900,47.5000,47.3700,47.2400,47.2400,46.9800,46.8800,46.8200,46.7300,46.7200,46.8000,46.7700,46.7500,46.7300,46.8700,47.0600,46.9300,46.8200,46.9700,47.0200,47.4000,47.2500,47.4000,47.3900,47.1599,46.9900,46.6400,46.7100,46.6650,46.5700,46.5800,46.5900,46.5000,46.6100,46.5800,46.4500,46.2900,46.3900,46.3300,45.6600,45.8100,45.6800,45.9300,45.7800,45.8800,45.6900,45.5900,45.7300,45.5800,45.8850,46.3700,46.5100,47.0900,47.1400,46.9501,47.1200,47.5900,47.6000,47.7800,47.7950,47.9000,47.7500,47.7200,47.4100,47.4200,47.9900,47.7150,47.5800,47.5700,47.6800,47.6800,47.7000,47.4900,47.4700
72.4400,72.9300,72.8600,73.0150,72.8100,72.9200,72.7300,72.5218,72.6000,72.4900,71.9341,72.9900,73.0600,71.2700,71.4600,71.4100,71.2300,71.1400,71.0200,71.1700,70.9800,70.8600,70.5500,70.3700,70.1500,70.0700,69.1200,69.3200,69.1166,68.8100,68.7500,68.3500,68.1800,68.0682,68.0300,68.1200,68.2800,68.2000,68.2770,68.2100,68.4000,68.6300,68.4500,68.3300,68.4800,68.5500,69.1500,68.8900,69.1400,69.1600,68.8795,68.5000,67.9200,68.0900,67.9800,67.8600,67.8800,67.9300,67.8300,68.0367,68.0651,67.8250,67.7200,67.8000,67.7300,67.0000,67.0991,66.8000,67.0700,66.8800,67.1000,66.8900,66.7500,66.9600,66.7600,67.3000,67.6979,67.8900,68.5700,68.5890,68.3700,68.5798,69.3300,69.4200,69.6900,69.7862,69.9500,69.7400,69.7400,69.2400,69.2900,70.3400,69.9350,69.7100,69.6600,69.8100,69.9500,69.9150,69.6950,69.5800
165.1200,166.1900,166.0800,166.4850,166.3100,166.1600,165.9900,165.5200,165.7700,165.8800,164.8638,166.8300,167.4900,165.7000,165.9100,165.8900,165.5900,165.3800,165.3800,165.6300,165.4233,165.4700,165.2000,164.6600,164.6700,164.5700,162.7800,162.7400,162.3300,161.9529,161.9000,161.0886,161.0635,160.8300,160.6200,160.7097,160.7700,160.7400,160.3900,160.6000,160.9500,161.8800,161.2400,160.8400,161.2300,161.5800,162.7800,162.2800,162.9100,162.8900,162.2300,161.5600,160.3900,160.8850,160.8060,160.5300,160.3900,160.3800,159.9500,160.2300,160.1850,159.9200,159.4900,159.6700,159.5700,157.1700,157.7300,157.2300,158.0300,157.4300,157.6900,157.0700,156.8901,157.2200,156.6700,157.5400,159.1100,159.5500,162.0200,162.2700,161.7900,162.3400,163.7600,163.5800,164.2600,164.1700,164.3200,163.9800,164.0000,163.0600,162.8100,164.6000,163.5400,162.9900,163.1000,163.1700,163.3000,163.4518,162.9299,162.9097
50.0550,50.2700,50.2600,50.3400,50.2700,50.2750,50.2350,50.1601,50.2600,50.2800,50.0500,50.4100,50.4300,49.7400,49.6850,49.7200,49.6100,49.5466,49.5350,49.5500,49.5350,49.5850,49.5400,49.4400,49.4500,49.4000,48.9600,48.9066,48.8366,48.7800,48.7800,48.6500,48.6350,48.5900,48.5700,48.4800,48.6300,48.6206,48.6200,48.5900,48.6600,48.7900,48.6850,48.5900,48.6900,48.8200,49.1400,49.0500,49.2600,49.3300,49.2900,48.9599,48.6700,48.6600,48.6800,48.5900,48.5800,48.5900,48.5700,48.5900,48.6500,48.6200,48.5200,48.5300,48.5100,47.7200,47.8200,47.6350,47.8300,47.6900,47.7800,47.7200,47.6600,47.7200,47.6800,47.9000,48.2100,48.2300,48.7900,48.9000,48.7900,48.9401,49.2700,49.2700,49.3900,49.4100,49.4700,49.3400,49.3200,49.1300,49.0400,49.4300,49.2420,49.1400,49.0900,49.1600,49.1717,49.1900,49.1050,49.1400
50.2600,50.2465,50.2419,50.2423,50.2450,50.2443,50.2458,50.2366,50.2400,50.2499,50.2390,50.2323,50.2305,50.2250,50.2200,50.2150,50.2200,50.2150,50.2150,50.2200,50.2119,50.2100,50.2100,50.2100,50.2100,50.2150,50.2200,50.1950,50.1900,50.1700,50.1600,50.1700,50.1600,50.1632,50.1650,50.1610,50.1700,50.1620,50.1700,50.1600,50.1550,50.1501,50.1464,50.1500,50.1500,50.1650,50.1600,50.1700,50.1650,50.1650,50.1501,50.1505,50.1900,50.1900,50.1864,50.1842,50.1850,50.1870,50.1828,50.1850,50.1850,50.1800,50.1700,50.1799,50.1700,50.1800,50.1519,50.1600,50.1501,50.1550,50.1501,50.1523,50.1500,50.1700,50.1634,50.1600,50.1800,50.1800,50.1500,50.1000,50.0850,50.0899,50.1400,50.1400,50.1545,50.1601,50.1601,50.1650,50.1521,50.1550,50.1600,50.1500,50.1480,50.1500,50.1491,50.1400,50.1336,50.1400,50.1399,50.1350
129.2000,129.4790,129.4350,129.5450,129.4000,129.2800,129.3600,129.2100,129.3600,129.2500,129.1132,129.2800,129.3800,128.8500,128.9350,129.1000,129.1750,129.2700,129.2300,129.1500,129.4620,129.5200,129.4150,129.4600,129.3100,129.7200,129.9000,129.7300,129.7200,129.7400,129.6000,129.5900,129.5990,129.4900,129.4450,129.5300,129.4200,129.3031,129.5900,130.0100,130.0700,130.1400,130.1650,130.0500,130.1450,130.0400,130.1244,130.0300,129.9400,130.1150,129.9900,129.9100,129.4000,129.3950,129.4210,129.3250,129.3300,129.2400,129.1100,129.0800,129.0800,129.1450,129.2400,129.2100,129.4000,129.3700,129.2500,129.2000,129.0750,129.0450,129.2100,129.0500,129.2150,128.9600,128.9400,129.0200,129.2900,129.6400,129.7500,129.6800,129.5800,129.7800,129.7250,129.6700,129.5750,129.5700,129.6300,129.5800,129.6580,129.4100,129.3300,130.5600,130.1135,130.0100,130.1100,130.6200,130.7050,130.7200,130.7550,130.7300
110.6500,110.6580,110.6600,110.6227,110.6300,110.6000,110.5850,110.5733,110.5733,110.5200,110.4800,110.4834,110.5114,110.3900,110.4050,110.3700,110.3900,110.4402,110.4371,110.4200,110.3968,110.4080,110.4000,110.4300,110.4600,110.3301,110.4500,110.4400,110.3988,110.4000,110.4100,110.5300,110.5400,110.5525,110.5600,110.5650,110.5600,110.5400,110.5434,110.6300,110.5200,110.5000,110.4324,110.4800,110.4300,110.4800,110.4685,110.4900,110.4700,110.4410,110.4500,110.5000,110.2300,110.1200,110.2400,110.2200,110.2184,110.2000,110.1691,110.1700,110.1700,110.1700,110.1350,110.1527,110.1000,110.1500,110.1500,110.1550,110.1600,110.1400,110.2089,110.2400,110.1600,110.1276,110.1200,110.1000,110.0500,109.9706,110.0800,110.1190,110.1025,110.2000,110.2082,110.3000,110.2350,110.3000,110.2850,110.2599,110.2900,110.3050,110.0100,110.0745,110.0406,109.9700,109.9790,110.1250,110.1200,110.1164,110.1000,110.0800
296.9900,299.4803,299.0600,299.9100,299.2900,299.5900,298.2900,297.1500,297.5200,296.6700,294.3500,299.2800,300.4300,293.8500,294.8700,294.8000,293.9300,293.6100,293.1000,294.0900,292.6100,292.0800,290.8600,289.6900,289.0801,287.9600,282.2800,283.2100,282.2900,281.1700,280.8700,279.6900,278.7200,278.4800,278.2100,278.3600,278.6300,278.3700,278.6000,278.3400,279.2700,280.2900,279.1300,278.6500,279.6000,279.6000,282.2200,280.8600,281.7400,282.0150,279.8400,278.3800,275.2400,276.2500,275.7300,275.4200,275.4000,275.6500,275.2900,275.9421,276.1600,275.3300,274.8000,275.4800,275.0200,271.7000,272.3100,271.3193,272.5500,271.7500,272.3900,271.3100,270.6900,271.4200,270.7100,272.3800,275.0500,275.1400,278.7500,279.3800,277.7068,278.8500,281.9700,281.8600,283.2800,283.5500,283.5800,282.7300,282.9700,280.5150,280.5300,284.2900,283.3000,282.4600,282.2950,282.9000,283.4000,283.9040,282.5600,282.6800
100.5400,100.5400,100.5378,100.5350,100.5537,100.5536,100.5450,100.5300,100.5150,100.5031,100.5050,100.5100,100.5001,100.4900,100.4950,100.4950,100.4850,100.4850,100.4850,100.4850,100.4850,100.4900,100.4857,100.4850,100.4850,100.4890,100.4900,100.4850,100.4850,100.4850,100.4900,100.4800,100.4800,100.4800,100.4676,100.4850,100.4800,100.4800,100.4700,100.4200,100.4300,100.4250,100.4199,100.4105,100.4200,100.4100,100.4100,100.4000,100.3850,100.3693,100.3550,100.3600,100.3200,100.3401,100.3400,100.3500,100.3600,100.3650,100.3750,100.3700,100.3700,100.3546,100.3700,100.3700,100.3600,100.3700,100.3612,100.3750,100.3899,100.3700,100.3758,100.3690,100.3600,100.3500,100.3425,100.3400,100.3750,100.3700,100.3400,100.3268,100.3150,100.3300,100.3300,100.3300,100.3391,100.3300,100.3300,100.3350,100.3345,100.3400,100.3400,100.2900,100.2400,100.2700,100.2800,100.2800,100.2800,100.2810,100.2700,100.2749
117.1600,117.9600,117.9300,118.2800,118.0600,117.9500,117.9400,117.4800,117.6200,117.7600,117.2800,118.3400,118.9600,118.7800,118.7600,118.8000,118.6100,118.5600,118.6000,118.9000,118.8100,118.9900,118.9100,118.2700,118.6100,118.7300,117.1300,116.9600,116.6600,116.5600,116.5800,116.0073,116.0300,116.0660,115.6100,115.6199,115.6050,115.5050,115.0100,115.5700,115.8000,116.5600,116.1800,115.7900,116.1700,116.5800,117.3007,116.8600,117.2800,117.2650,116.9800,116.5000,115.8500,116.1800,116.1900,115.9400,115.8100,115.6390,115.2900,115.4027,115.4100,115.1500,114.8822,114.8900,115.0200,112.9700,113.5361,113.1500,114.0000,113.5500,113.6100,112.9200,112.8206,113.0600,112.4801,113.2100,114.8600,115.5100,117.2300,117.4500,117.2001,117.6300,118.4700,118.2109,118.6099,118.5609,118.7300,118.5000,118.4600,117.9100,117.3000,118.4900,117.6500,117.3000,117.3400,117.5000,117.4550,117.6160,117.2700,117.3900
111.3100,111.3900,111.4000,111.3400,111.3650,111.4100,111.5200,111.5500,111.5400,111.5900,111.6300,111.7200,111.8250,111.8000,111.7100,111.7400,111.7200,111.7400,111.7600,111.7500,111.8200,111.7550,111.6700,111.6600,111.5800,111.4700,111.7900,111.7617,111.6800,111.6614,111.5783,111.4550,111.4200,111.2900,111.2950,111.3800,111.4600,111.4710,111.5800,111.8800,112.0600,112.1100,112.1000,112.1000,112.1700,112.1900,112.1450,112.1500,112.2100,112.2300,112.2000,112.2600,112.4700,112.3800,112.5318,112.4100,112.4000,112.3600,112.4803,112.5100,112.5700,112.5950,112.5600,112.5500,112.6000,112.5600,112.5800,112.4550,112.6202,112.6185,112.6350,112.6000,112.6850,112.7430,112.7600,112.7900,112.9000,112.9800,113.0900,113.0300,113.0600,113.0000,112.9800,113.0550,113.0799,113.0222,113.1280,113.1700,113.2000,113.1100,113.2750,113.5100,113.4900,113.4300,113.5150,113.6200,113.6175,113.5960,113.6300,113.5900
34.1100,34.1900,34.1600,34.2100,34.1750,34.2000,34.2000,34.1583,34.1300,34.1650,34.1200,34.2350,34.1800,34.1000,34.0800,34.0827,34.0550,34.0600,34.0250,34.0200,34.0000,34.0319,34.0200,34.0100,34.0100,34.0100,33.9900,33.8000,33.7600,33.7200,33.7400,33.6850,33.6600,33.6695,33.6700,33.6650,33.6800,33.7100,33.6900,33.7000,33.6900,33.6700,33.6600,33.6500,33.6700,33.6500,33.6700,33.6700,33.6207,33.6550,33.6307,33.5300,33.4300,33.4900,33.5530,33.5293,33.5200,33.5200,33.5150,33.6000,33.5650,33.5450,33.5600,33.4850,33.4200,33.2100,33.1737,33.1500,33.2150,33.2200,33.2550,33.1900,33.1400,33.1550,33.0650,33.1500,33.4072,33.4000,33.6400,33.6200,33.5550,33.5900,33.6700,33.6600,33.7000,33.7200,33.7300,33.7400,33.7100,33.6461,33.6000,33.8600,33.8500,33.8600,33.8600,33.8700,33.8600,33.8645,33.7900,33.8200
211.5200,212.9300,212.8900,213.6099,213.1900,213.0450,213.0600,212.3000,212.7700,213.1900,212.3100,214.1700,215.4700,215.3500,215.3750,215.3800,214.9950,214.8000,214.9900,215.6600,215.5000,215.8700,216.1900,215.2000,215.9600,216.3900,214.0600,213.5850,213.1658,212.8257,212.7900,211.8200,211.9400,211.7743,211.0900,210.7496,210.8400,210.7900,209.6200,210.5600,211.0950,212.3800,211.6100,210.9000,211.5200,212.4200,213.8000,213.0500,213.9500,214.0100,213.6400,212.9400,211.0800,211.5650,211.7300,211.1800,211.0800,210.7500,210.1000,209.9100,209.7900,209.6100,209.2900,209.2500,209.3200,205.0600,206.1400,205.5700,207.3101,206.4200,206.3000,204.8500,204.7100,205.1300,204.2900,204.9300,208.4000,209.5500,212.6500,213.5900,213.1800,213.7750,215.2300,214.6878,215.3000,215.1400,215.6200,215.2300,215.2100,214.5000,213.3500,215.2300,213.7989,212.9500,212.9266,213.2450,213.1600,213.7050,213.0900,213.4600
89.9100,90.5000,90.4100,90.6100,90.4700,90.4400,90.3750,90.0750,90.2200,90.3500,89.9800,90.8500,91.0700,89.9600,90.0310,89.9400,89.8000,89.7000,89.6600,89.8050,89.6599,89.7000,89.5600,89.2300,89.2450,89.0900,88.3900,88.3793,88.1650,87.9600,87.8600,87.5000,87.4100,87.3940,87.1900,87.1600,87.2900,87.2800,87.0100,87.0600,87.2200,87.7100,87.4500,87.2700,87.4200,87.6600,88.2800,88.0500,88.3800,88.4437,88.0500,87.7000,87.1300,87.3400,87.3150,87.0300,87.0600,87.0600,86.8600,86.9900,86.9100,86.8100,86.5900,86.5800,86.5100,85.1900,85.5100,85.2800,85.7000,85.4400,85.5950,85.2800,85.1800,85.3500,85.1100,85.6600,86.2200,86.3200,87.8000,87.9219,87.6700,87.9320,88.6100,88.5200,88.7800,88.6953,88.8700,88.7360,88.6200,88.1900,88.1100,89.3900,88.7600,88.5100,88.5100,88.6500,88.6600,88.7300,88.3900,88.4500
95.3400,95.9300,95.8101,96.0550,95.7100,95.7600,95.6100,95.3300,95.4200,95.4200,94.5300,95.9800,96.0900,94.0800,94.2300,94.1500,93.9400,93.8000,93.7100,93.8500,93.5900,93.5200,93.1950,92.9000,92.7300,92.5700,91.4600,91.6000,91.3769,91.0400,91.0700,90.5800,90.4400,90.3500,90.2300,90.1800,90.4400,90.3354,90.3400,90.2300,90.4100,90.8600,90.6110,90.4300,90.5100,90.7500,91.4904,91.2900,91.5400,91.5400,91.0900,90.7300,90.1800,90.3200,90.2319,90.0400,90.0500,90.0800,89.9100,90.0900,89.9898,89.8200,89.5200,89.7500,89.6000,88.6500,88.7300,88.4100,88.8700,88.5501,88.8400,88.5500,88.4100,88.5900,88.3900,88.9700,89.6800,89.8200,91.1000,91.1000,90.8400,91.1667,92.0200,92.0402,92.3600,92.4500,92.5950,92.3700,92.2900,91.7200,91.7200,92.8850,92.2950,92.0500,92.0110,92.2300,92.2469,92.2499,91.8800,91.8100
67.3800,67.8100,67.7600,67.9200,67.8000,67.7850,67.7366,67.5200,67.5900,67.6700,67.2800,68.0400,68.2400,67.6000,67.7000,67.6700,67.5400,67.4700,67.4600,67.5900,67.4899,67.5100,67.4080,67.1800,67.1900,67.1400,66.3500,66.4100,66.2500,66.0900,66.0500,65.7899,65.7400,65.6800,65.5400,65.4957,65.5900,65.5600,65.4100,65.5000,65.6800,66.0200,65.8030,65.6600,65.7800,65.9300,66.4100,66.2200,66.4300,66.4400,66.2100,65.9300,65.4300,65.6100,65.5900,65.4357,65.4400,65.4000,65.2700,65.3557,65.3200,65.2200,65.0800,65.1172,65.1200,64.1200,64.3100,64.1300,64.4650,64.2400,64.3300,64.0800,63.9643,64.0900,63.8699,64.2700,64.9000,65.0600,66.0600,66.1950,66.0000,66.2100,66.7700,66.7300,66.9200,66.9100,67.0700,66.9100,66.8500,66.4815,66.3900,67.1900,66.7150,66.4800,66.4500,66.5900,66.5800,66.6600,66.4200,66.4500
50.7700,51.0690,50.9900,51.1550,50.9900,50.9766,50.9300,50.7400,50.7900,50.9000,50.5810,51.0999,51.1300,50.4150,50.5200,50.4700,50.3810,50.3100,50.3100,50.3300,50.2600,50.2900,50.1977,50.0300,50.0000,49.9100,49.5000,49.5200,49.3800,49.2900,49.2700,49.0100,48.9600,48.9300,48.8600,48.8300,48.8700,48.7900,48.7700,48.6300,48.8000,49.0200,48.8900,48.7900,48.8220,48.9300,49.3100,49.2000,49.3300,49.3400,49.1200,48.9268,48.6150,48.7500,48.7000,48.5800,48.5500,48.5600,48.4700,48.5643,48.5100,48.4700,48.3800,48.4354,48.4500,47.8700,47.9400,47.7900,47.9765,47.8040,47.8754,47.8300,47.7500,47.8100,47.8000,48.1300,48.3000,48.2800,48.9300,49.1100,48.9590,49.2000,49.5800,49.5700,49.6855,49.6700,49.7400,49.7100,49.7058,49.4000,49.3700,49.9000,49.5700,49.4300,49.3700,49.4600,49.4500,49.4629,49.3100,49.2500
27.3100,27.4300,27.4150,27.4791,27.4500,27.4500,27.4200,27.3730,27.4300,27.4500,27.3100,27.5100,27.5100,27.1000,27.0750,27.1000,27.0370,27.0000,26.9901,26.9901,27.0001,27.0299,27.0001,26.9399,26.9201,26.9100,26.7100,26.6800,26.6300,26.6100,26.6250,26.5200,26.5300,26.5000,26.4900,26.4500,26.5300,26.5150,26.5000,26.4400,26.4600,26.5400,26.4800,26.4300,26.4800,26.5500,26.7301,26.6800,26.8000,26.8400,26.8150,26.6380,26.5000,26.4899,26.4950,26.4357,26.4200,26.4450,26.4300,26.4400,26.4600,26.4480,26.3900,26.3900,26.4000,26.0300,26.0730,25.9700,26.0750,26.0000,26.0450,26.0100,25.9900,26.0100,26.0000,26.1201,26.3100,26.3300,26.5700,26.6400,26.5800,26.6600,26.8500,26.8500,26.9100,26.9400,26.9600,26.8701,26.8600,26.7600,26.7300,26.9750,26.8480,26.7900,26.7650,26.8000,26.8000,26.8200,26.7699,26.8000
88.5700,89.1525,89.0873,89.3788,89.2400,89.2200,89.1747,88.8900,89.0357,89.2190,88.8000,89.6064,90.1200,89.7700,89.8190,89.8115,89.6800,89.5800,89.6550,89.8800,89.8000,89.8515,89.8483,89.5200,89.6500,89.6700,88.7200,88.6400,88.4700,88.2700,88.1900,87.8675,87.9499,87.7350,87.6600,87.5472,87.5787,87.5800,87.3700,87.4500,87.6500,88.1800,87.8830,87.6500,87.8800,88.1400,88.6700,88.3700,88.7185,88.7170,88.4500,88.0700,87.5200,87.8000,87.8150,87.6016,87.6000,87.4950,87.2250,87.2811,87.2100,87.0872,86.8324,86.8400,86.9100,85.3100,85.6200,85.4100,85.9700,85.6600,85.7030,85.1200,85.0500,85.2800,84.8800,85.1796,86.4101,86.7700,88.0700,88.3100,88.1872,88.4400,89.0300,88.9267,89.2300,89.2500,89.3600,89.1300,89.0400,88.7600,88.4100,89.4200,88.8277,88.5000,88.5431,88.6403,88.6475,88.7735,88.5274,88.5700
59.5250,59.5100,59.5200,59.4719,59.4700,59.4622,59.4568,59.4100,59.4050,59.3900,59.3750,59.4100,59.4050,59.2950,59.3700,59.3900,59.3900,59.3840,59.4287,59.4100,59.4100,59.3900,59.3159,59.3150,59.3100,59.3150,59.3900,59.4193,59.3900,59.3000,59.3350,59.2850,59.2300,59.2150,59.1950,59.1500,59.1150,59.1000,59.1600,59.0600,59.1200,59.0541,59.1600,59.1500,59.1900,59.0400,59.0300,59.0200,59.1300,59.1900,59.2000,59.0700,59.0400,59.0510,59.0742,58.9600,58.9900,58.9800,58.9800,58.8800,58.7931,58.7750,58.8100,58.8088,58.8178,58.7800,58.7700,58.8000,58.8215,58.8112,58.7800,58.7585,58.7900,58.7850,58.8300,58.8200,58.7946,58.7200,58.5200,58.4300,58.5300,58.5700,58.5600,58.5600,58.5057,58.5550,58.5850,58.6100,58.5300,58.4247,58.4400,58.6400,58.6250,58.5700,58.5500,58.9700,58.9905,58.8901,58.9300,59.0150
68.0900,68.5100,68.4600,68.6357,68.5000,68.4900,68.4500,68.2300,68.3300,68.4500,68.0600,68.7900,68.9800,68.4200,68.4800,68.4700,68.3400,68.2500,68.2583,68.3800,68.2900,68.3400,68.2420,68.0200,68.0500,67.9800,67.3300,67.3000,67.1500,66.9800,66.9700,66.6700,66.6600,66.6000,66.4600,66.4100,66.5100,66.4800,66.3300,66.4200,66.5900,66.9400,66.7300,66.5700,66.6900,66.8700,67.3300,67.1500,67.3700,67.3738,67.1500,66.9200,66.4200,66.5700,66.5700,66.4000,66.4100,66.3842,66.2200,66.3000,66.2500,66.1700,66.0000,66.0700,65.9900,65.0500,65.2200,65.0400,65.3700,65.1500,65.2500,64.9800,64.8900,65.0300,64.8200,65.2000,65.8600,66.0400,67.0200,67.1700,66.9900,67.2100,67.7400,67.6900,67.8800,67.8600,68.0300,67.8700,67.8300,67.4800,67.3600,68.1800,67.6800,67.4400,67.4200,67.5600,67.5300,67.6200,67.3700,67.3900
48.4800,48.6600,48.6450,48.7650,48.7100,48.7100,48.6600,48.5900,48.6800,48.7400,48.5300,48.8600,48.9300,48.0100,47.9750,48.0205,47.9030,47.8400,47.8450,47.8500,47.8600,47.9300,47.8815,47.8155,47.8400,47.8100,47.4200,47.4037,47.3050,47.2850,47.3100,47.1450,47.1300,47.1000,47.0700,46.9700,47.1110,47.1000,47.0050,46.8900,46.8850,47.0300,46.9300,46.8300,46.9300,47.0800,47.3600,47.2800,47.5000,47.5400,47.5499,47.2500,46.6300,46.6550,46.6500,46.5700,46.5600,46.5869,46.5600,46.5800,46.6400,46.6200,46.5200,46.5100,46.5500,46.0000,46.0400,45.8500,46.0300,45.9200,46.0000,45.9500,45.8900,45.9400,45.9250,46.1000,46.4200,46.4500,46.7134,46.8643,46.7710,46.9100,47.2400,47.2300,47.3500,47.3700,47.4300,47.3200,47.3000,47.1600,47.1200,47.2700,47.0950,46.9800,46.9310,47.0101,47.0300,47.0714,46.9600,47.0500
88.6000,89.2100,89.0700,89.2400,89.0100,89.0800,88.8200,88.5199,88.5600,88.6300,88.1300,89.2730,89.3200,87.6524,87.8875,87.8110,87.5925,87.4300,87.2900,87.3600,87.1400,87.0800,86.7600,86.5300,86.3800,86.2100,85.2100,85.3840,85.1100,84.8800,84.7800,84.3590,84.2400,84.1400,84.0900,84.1200,84.1700,84.2100,84.1766,84.0300,84.2400,84.6000,84.3100,84.1800,84.2547,84.3600,85.0500,84.8000,85.1290,85.2500,84.8400,84.5400,84.0600,84.2400,84.1800,84.0100,84.0700,84.0900,84.0200,84.2100,84.2400,84.0290,83.7910,84.0600,83.8700,83.1700,83.3100,82.9400,83.2500,82.9800,83.1800,83.0300,82.8150,83.0700,82.9700,83.5000,83.8500,83.9100,84.9800,85.1400,84.7331,85.1200,86.0200,85.9938,86.3100,86.3773,86.4200,86.2100,86.2700,85.6700,85.7800,86.9500,86.4610,86.1300,86.0900,86.2900,86.3700,86.4713,86.1550,86.1247
110.9200,110.9139,110.9155,110.9100,110.9100,110.9100,110.9110,110.9100,110.9050,110.9000,110.9100,110.9000,110.9000,110.9100,110.9000,110.9002,110.9000,110.9000,110.9084,110.9033,110.9010,110.9050,110.9150,110.9099,110.9050,110.9071,110.9200,110.9011,110.9000,110.9000,110.9162,110.9150,110.9150,110.9172,110.9152,110.9169,110.9150,110.9158,110.9157,110.9200,110.9120,110.9100,110.9150,110.9200,110.9100,110.9050,110.9000,110.9000,110.9000,110.9150,110.9150,110.9150,110.9250,110.9100,110.9100,110.9100,110.9200,110.9100,110.9250,110.9200,110.9200,110.9200,110.9200,110.9220,110.9250,110.9250,110.9350,110.9400,110.9350,110.9400,110.9400,110.9400,110.9366,110.9200,110.9300,110.9300,110.9300,110.9400,110.9350,110.9300,110.9300,110.9250,110.9350,110.9300,110.9250,110.9250,110.9300,110.9300,110.9300,110.9143,110.9150,110.9200,110.9200,110.9300,110.9300,110.9270,110.9200,110.9231,110.9200,110.9150
86.6550,86.6500,86.6500,86.6568,86.6500,86.6500,86.6666,86.6700,86.6699,86.6500,86.6501,86.6500,86.6500,86.6200,86.6200,86.6300,86.6300,86.6350,86.6300,86.6296,86.6250,86.6250,86.6100,86.6100,86.6050,86.6050,86.6300,86.6599,86.6450,86.6582,86.6500,86.6500,86.6600,86.6600,86.6400,86.6408,86.6450,86.6400,86.6463,86.6350,86.6450,86.6400,86.6399,86.6400,86.6350,86.6323,86.6300,86.6400,86.6300,86.6392,86.6337,86.6350,86.6550,86.6550,86.6550,86.6500,86.6406,86.6450,86.6469,86.6543,86.6550,86.6550,86.6550,86.6600,86.6557,86.6650,86.6700,86.6650,86.6600,86.6699,86.6700,86.6750,86.6700,86.6700,86.6703,86.6700,86.6708,86.6750,86.6600,86.6600,86.6650,86.6650,86.6700,86.6799,86.6650,86.6676,86.6650,86.6650,86.6700,86.6634,86.6650,86.6500,86.6661,86.6594,86.6550,86.6769,86.6800,86.6749,86.6750,86.6750
50.4900,50.7800,50.7500,50.8200,50.7200,50.7300,50.6783,50.5000,50.6300,50.7200,50.4900,51.0500,50.9200,50.2200,50.2600,50.2600,50.1800,50.1500,50.1350,50.2100,50.1700,50.1100,49.9000,49.8500,49.8400,49.7000,49.2800,49.3100,49.1900,49.0500,49.0600,48.8620,48.7600,48.7500,48.6400,48.7000,48.6900,48.7600,48.7500,48.8200,48.9137,49.1700,49.0750,49.0100,49.0400,49.0700,49.4400,49.3500,49.5059,49.5900,49.4500,49.5000,49.5000,49.6400,49.6000,49.4800,49.5000,49.5400,49.4100,49.5363,49.4800,49.3600,49.1600,49.2700,49.1100,48.7000,48.7964,48.5600,48.8150,48.6800,48.7823,48.7000,48.5900,48.7400,48.7100,48.9800,49.2200,49.2700,49.8400,49.9700,49.8101,50.0300,50.4100,50.4244,50.6850,50.6200,50.7100,50.6400,50.6100,50.5100,50.6400,51.5700,51.1500,50.9300,50.9200,51.0300,50.9800,51.0400,50.9000,50.8300
122.3600,122.3700,122.4000,122.3100,122.3400,122.2850,122.3000,122.1800,122.1800,122.1300,122.1398,122.1999,122.1600,122.0000,122.0600,122.0900,122.0600,122.1200,122.1850,122.1400,122.1800,122.1500,122.0200,122.0100,121.9900,122.0100,122.1900,122.2050,122.1700,121.9800,122.0380,121.9500,121.8100,121.8275,121.7697,121.6900,121.6100,121.6000,121.6900,121.4900,121.6500,121.4700,121.7050,121.6850,121.7400,121.4900,121.4500,121.4050,121.6400,121.8000,121.7700,121.5213,121.5300,121.5000,121.5200,121.3100,121.2900,121.3400,121.3425,121.0920,120.9300,120.8650,120.9600,120.9500,121.0100,120.8700,120.8750,120.8700,120.9346,120.9464,120.9184,120.8800,120.9800,120.9400,121.0500,121.0300,120.9800,120.8600,120.2300,120.2100,120.4100,120.5100,120.4200,120.4350,120.3750,120.4800,120.5039,120.5586,120.4321,120.1961,120.1800,120.5650,120.5750,120.4481,120.3600,121.2400,121.3117,121.0900,121.1632,121.3393
169.5300,169.4900,169.3100,169.4800,169.6500,169.4900,169.2900,169.1400,169.1800,168.9300,169.1400,168.9700,168.7800,167.6700,167.8500,167.9200,167.9500,168.3500,168.4879,168.4700,168.6600,168.6600,168.4200,168.5100,168.8100,169.0200,170.8100,170.5610,170.4100,170.0700,169.8850,170.0300,170.0750,170.1050,170.1600,170.1500,170.1100,170.0300,169.8700,170.4400,170.3387,169.7400,170.2900,170.2900,170.8000,170.2200,169.8100,170.0943,170.0900,170.5500,169.9200,170.3300,169.4800,169.2500,169.3500,169.2400,169.3500,169.2800,169.2300,169.0300,169.3900,169.5700,169.6900,169.8600,170.1700,171.1800,170.9955,171.2500,171.3200,171.4100,171.4600,171.4900,171.8700,171.5300,171.8500,171.5700,171.8000,171.2500,169.1600,169.0000,168.7301,168.7600,168.1900,168.1900,168.1000,168.2100,168.2900,168.4000,168.6300,168.3900,168.4800,167.8200,167.7500,167.3000,167.7200,169.7600,169.9200,169.7200,169.7687,170.0100
59.3800,59.7800,59.7400,59.8550,59.7500,59.7570,59.6800,59.4870,59.5700,59.6300,59.3700,59.9400,59.8900,59.4400,59.5000,59.4580,59.4050,59.3500,59.3370,59.4100,59.3400,59.2800,59.1134,58.9900,58.9900,58.8700,58.4500,58.4764,58.3600,58.2500,58.2500,58.0100,57.9500,57.9534,57.8100,57.8400,57.9200,57.9500,57.8700,57.9400,58.0450,58.3500,58.2100,58.1200,58.1750,58.2600,58.6400,58.5100,58.6963,58.7400,58.5450,58.5300,58.4100,58.5900,58.5600,58.4066,58.4200,58.4500,58.3200,58.4400,58.3700,58.2600,58.0800,58.1600,58.0700,57.2900,57.5200,57.3100,57.5700,57.4400,57.5248,57.3700,57.2601,57.4300,57.3600,57.6700,58.0300,58.0900,58.7900,58.9550,58.7900,59.0600,59.4900,59.4700,59.6857,59.6100,59.6900,59.5600,59.4600,59.2841,59.3300,60.0900,59.6650,59.4600,59.4300,59.5300,59.4700,59.4800,59.3350,59.2685
130.6500,131.7400,131.5000,131.9000,131.6000,131.7200,131.2594,130.7700,130.8200,130.6350,129.4740,131.6390,132.1600,129.3700,129.8300,129.8040,129.4550,129.3382,129.0600,129.4700,128.9299,128.7000,128.0850,127.7200,127.1300,127.2400,124.6900,125.1700,124.6900,124.2579,124.1700,123.5913,123.1400,122.8700,122.7600,122.8900,122.9100,122.7664,122.8800,122.6400,123.2300,123.6300,123.0700,122.8200,123.2144,123.5300,124.4300,123.8700,124.3514,124.4000,123.6160,122.7600,121.5100,121.8580,121.6996,121.5443,121.5200,121.5400,121.4100,121.7800,121.8800,121.5100,121.2300,121.5500,121.1400,119.8900,120.1200,119.7600,120.3250,119.8000,119.9921,119.3800,119.2444,119.5400,119.1500,119.9500,121.2100,121.4500,123.2100,123.3462,122.5100,122.9200,124.4100,124.4626,125.0000,125.0506,125.2400,124.5400,124.8000,123.6200,123.6500,124.9400,124.4501,124.1300,124.0680,124.3600,124.3950,124.6400,124.1600,124.1900
172.4500,173.8300,173.4912,174.0798,173.9100,173.4648,173.3600,172.5900,172.6800,172.7700,171.2900,173.9680,175.5700,172.5450,172.8700,172.9109,172.5494,172.5000,172.3999,172.9700,172.2300,171.7600,171.2240,170.4200,170.2958,170.5206,167.0100,167.5000,167.1000,166.5500,166.6090,165.7200,165.4300,165.0097,164.8800,164.6800,164.6700,164.2996,164.4200,164.2200,164.9050,165.7600,164.8850,164.3700,164.9400,165.3800,166.6300,165.9400,166.4300,166.3550,165.3600,164.4800,162.7800,163.3500,163.1550,162.8431,162.8600,162.7500,162.4100,162.7900,162.8000,162.4200,161.9600,162.1200,161.9300,159.6100,159.9900,159.6100,160.6300,159.9200,160.0000,159.0000,158.6900,159.3100,158.1316,159.6400,161.6980,162.5500,164.6900,164.4844,164.1700,164.4900,166.3000,166.0200,166.9600,167.0000,166.9400,166.0588,166.0500,164.6400,164.1654,165.3500,164.8432,164.1800,164.2200,164.4200,164.5500,164.7440,164.2094,164.1100
99.3600,100.2423,100.0300,100.2700,100.0700,100.1900,99.7600,99.3918,99.3500,99.1150,98.2400,99.9144,100.2400,97.4600,97.8500,97.8400,97.4550,97.3450,97.1094,97.3700,96.8725,96.6874,96.2264,95.9900,95.7000,95.3000,93.2700,93.8300,93.4100,92.9290,92.9400,92.4700,92.1500,91.9158,91.8800,92.0100,92.1400,91.9700,92.0300,92.0300,92.4634,92.7200,92.3702,92.2300,92.4700,92.5700,93.3798,92.9500,93.3100,93.3000,92.6900,92.0300,91.0900,91.3650,91.2236,91.0500,91.1300,91.2000,91.1200,91.5000,91.6000,91.3000,91.4400,91.6150,91.3900,90.6300,90.7026,90.2200,90.4917,90.2600,90.5260,90.3300,90.0100,90.3900,90.0758,90.7100,91.3937,91.3800,92.6200,92.6411,92.0000,92.3999,93.6000,93.7050,94.1150,94.2000,94.4200,94.0200,94.1400,93.3517,93.4000,94.8400,94.5016,94.1700,94.1101,94.3300,94.5632,94.7727,94.2103,94.2900
90.9200,91.0490,91.0100,90.9850,90.9400,90.9350,90.9470,90.8943,90.9650,90.9200,90.8350,90.8936,90.9200,90.5100,90.6700,90.7700,90.8270,90.8500,90.8700,90.7920,90.9000,90.9200,90.8700,90.9150,90.8900,91.0100,90.9550,90.9666,90.9366,90.9550,90.9300,90.9350,90.9200,90.9190,90.8900,90.9099,90.8686,90.8400,90.9393,91.0100,91.0750,91.1000,91.0950,91.1000,91.1150,91.0650,91.0750,91.0590,91.0140,91.0200,90.9500,90.9200,90.7000,90.7200,90.7400,90.6850,90.6800,90.6900,90.6038,90.6099,90.5974,90.6600,90.6755,90.6500,90.7200,90.6800,90.5900,90.5350,90.4400,90.4693,90.5450,90.5500,90.5800,90.5050,90.4901,90.4839,90.6000,90.6800,90.7600,90.7400,90.7200,90.7950,90.7300,90.6750,90.7150,90.6943,90.7300,90.7300,90.7200,90.6514,90.6500,91.0700,90.9900,91.0200,91.0450,91.2200,91.2450,91.2510,91.2050,91.1500
80.7000,80.7400,80.7300,80.7350,80.7350,80.7400,80.7301,80.7300,80.7900,80.7790,80.7650,80.7738,80.7773,80.7600,80.7700,80.7789,80.7984,80.8100,80.7990,80.8060,80.8050,80.8050,80.7961,80.7900,80.7900,80.8100,80.7800,80.7800,80.7766,80.7900,80.7700,80.7800,80.7850,80.7882,80.7650,80.7750,80.7650,80.7700,80.8100,80.8400,80.8000,80.8150,80.8400,80.8050,80.8050,80.7950,80.7798,80.7700,80.7700,80.8050,80.7650,80.7500,80.7200,80.7583,80.7900,80.6900,80.6500,80.6500,80.6300,80.6200,80.6570,80.6500,80.6600,80.6750,80.7000,80.5700,80.5000,80.4930,80.5000,80.4600,80.5200,80.5300,80.5400,80.5200,80.5400,80.5900,80.5800,80.7000,80.7600,80.8300,80.8200,80.8707,80.8800,80.8950,80.9400,80.9550,80.9510,80.9950,80.9950,80.9950,80.9850,81.1700,81.1250,81.1400,81.1550,81.1350,81.2000,81.2050,81.2000,81.1700
35.4700,35.6300,35.6100,35.6800,35.6400,35.6393,35.6100,35.5550,35.6200,35.6450,35.4705,35.7266,35.7300,35.1800,35.1550,35.1900,35.1099,35.0600,35.0500,35.0600,35.0700,35.0901,35.0601,34.9900,34.9799,34.9500,34.7100,34.6700,34.6050,34.5650,34.5800,34.4799,34.4600,34.4250,34.4100,34.3500,34.4700,34.4400,34.4200,34.3400,34.3601,34.4600,34.4000,34.3200,34.4000,34.5000,34.7250,34.6600,34.8199,34.8600,34.8331,34.6150,34.3900,34.3901,34.3912,34.3300,34.3200,34.3400,34.3200,34.3350,34.3700,34.3350,34.2750,34.2650,34.2600,33.8100,33.8442,33.7200,33.8600,33.7600,33.8299,33.8000,33.7500,33.7800,33.7596,33.9200,34.1448,34.1700,34.4800,34.5650,34.4830,34.5700,34.8300,34.8373,34.9250,34.9500,34.9900,34.8800,34.8700,34.7200,34.6700,34.9800,34.8250,34.7500,34.7200,34.7800,34.7750,34.7900,34.7201,34.7700
43.5300,43.7100,43.7000,43.7700,43.7100,43.7100,43.6700,43.6200,43.7000,43.7200,43.5300,43.8400,43.8350,43.2400,43.2010,43.2399,43.1400,43.1000,43.0850,43.1000,43.1000,43.1550,43.1100,43.0100,43.0150,42.9800,42.6400,42.5650,42.5050,42.4600,42.4800,42.3600,42.3500,42.3000,42.2900,42.2050,42.3400,42.3300,42.3400,42.2900,42.3300,42.4600,42.3900,42.2900,42.3850,42.5100,42.7700,42.6800,42.8700,42.9350,42.9000,42.6400,42.3700,42.3800,42.4000,42.3200,42.3200,42.3300,42.3100,42.3400,42.3834,42.3600,42.2900,42.2700,42.2700,41.6100,41.6600,41.5100,41.6700,41.5600,41.6300,41.5800,41.5200,41.5800,41.5400,41.7100,42.0000,42.0300,42.5000,42.5910,42.4900,42.6100,42.9200,42.9150,43.0300,43.0300,43.0800,42.9700,42.9600,42.7850,42.7300,43.0900,42.9300,42.8300,42.7950,42.8500,42.8661,42.8800,42.8036,42.8400
45.5650,45.8000,45.7800,45.8700,45.8100,45.8000,45.7700,45.6900,45.8100,45.8800,45.6150,45.9500,45.9750,45.3100,45.3000,45.3400,45.1900,45.1466,45.1200,45.1300,45.1300,45.1800,45.1200,44.9700,44.9800,44.9600,44.7300,44.6400,44.5450,44.5000,44.5200,44.3500,44.3100,44.2700,44.2600,44.1900,44.3600,44.3300,44.3000,44.1100,44.1700,44.3000,44.2200,44.0700,44.2000,44.3600,44.7100,44.5900,44.8300,44.9300,44.8800,44.4900,44.3700,44.3300,44.3600,44.2600,44.2300,44.2400,44.2300,44.2500,44.3200,44.3200,44.2000,44.2100,44.2200,43.7700,43.7900,43.6300,43.8000,43.6300,43.7200,43.6900,43.6400,43.6700,43.6800,43.9000,44.2000,44.2200,44.6100,44.7700,44.6600,44.7950,45.1500,45.1350,45.2500,45.2800,45.3300,45.1500,45.1200,44.9550,44.8800,45.2400,45.0600,44.9700,44.9400,45.0162,45.0100,45.0300,44.9400,45.0000
233.5800,235.3500,235.2000,236.1000,235.7800,235.6600,235.3948,234.4680,234.9600,235.2500,234.1500,236.6283,238.2700,236.5200,236.3750,236.2501,235.8000,235.6000,235.6268,236.1600,235.8850,236.3757,236.5150,235.1980,236.0900,236.6300,233.9000,233.3000,232.5790,232.2984,232.5102,231.4610,231.6939,231.6100,230.5400,230.0010,230.0100,229.9592,228.7200,229.3100,230.1100,231.7300,230.5799,229.9200,230.4900,231.4900,233.0350,232.3300,233.3576,233.5700,232.6800,231.8800,230.5300,230.8950,230.7350,229.9814,229.8500,229.4500,228.8000,228.8000,228.6301,228.2600,227.4900,227.6700,227.7500,222.2700,223.6350,223.0400,225.0449,223.9600,223.5550,222.1600,222.1500,222.5100,221.2400,222.2700,225.8511,227.6100,231.7000,232.6100,232.1100,232.7000,234.3900,233.9613,234.7450,234.5400,235.0700,234.6000,234.4300,233.4880,232.4400,235.3200,233.8250,232.8800,232.9600,233.2328,233.3650,233.7000,232.8450,233.0600
188.0100,189.1100,189.1160,189.5100,189.5200,189.3300,189.3150,188.5406,188.5700,188.8800,187.8900,188.9710,190.0950,192.1300,192.4800,192.3400,192.0800,191.8900,191.7200,191.9800,191.8200,191.8217,191.5500,190.8430,191.0000,191.1000,189.3100,189.1000,188.8482,188.6750,188.4200,187.7190,187.7100,187.5500,187.1900,187.1144,187.1829,187.0161,186.9100,186.5000,187.1000,188.1900,187.5530,187.1900,187.3100,187.5500,188.9394,188.2700,189.1000,189.0820,188.4850,187.5400,185.3400,185.9700,186.0700,185.6872,185.8400,185.8100,185.2963,185.7300,185.6081,185.2324,184.5600,184.4683,184.9400,182.6200,183.0950,182.7010,183.9200,183.2073,183.7000,183.1100,182.7100,183.2200,182.7345,184.1953,185.4730,185.7200,188.4500,188.9150,188.5900,189.3200,190.3000,190.0950,190.7957,190.3900,190.0600,189.4920,189.1200,188.2900,187.8400,189.1132,187.8000,187.3500,187.5393,187.6900,187.5400,187.6500,187.3500,187.1500
113.9900,114.6200,114.4910,114.8000,114.5200,114.4500,114.3700,114.0220,114.2300,114.4300,113.9900,115.1800,115.2200,113.9900,114.2401,114.1310,113.9799,113.8300,113.7890,113.9300,113.8600,113.8500,113.6300,113.2125,113.3493,113.2700,112.3100,112.2400,111.9970,111.7500,111.7800,111.2999,111.2900,111.2000,110.9800,110.8919,110.9700,111.0600,110.8600,110.8811,111.1108,111.7600,111.5098,111.3100,111.3537,111.6100,112.3300,112.1200,112.4605,112.5585,112.2200,112.0600,111.4000,111.6700,111.5900,111.2426,111.2400,111.2700,110.9800,111.2663,111.1500,110.9350,110.6300,110.7760,110.6100,109.3600,109.6570,109.2726,109.8600,109.5800,109.7129,109.3300,109.1000,109.3600,109.1700,109.8100,110.4411,110.6400,112.1100,112.4050,112.2400,112.6550,113.4600,113.4050,113.7900,113.6100,113.7600,113.6300,113.5700,113.1050,113.0900,114.5400,113.7100,113.3400,113.3187,113.5200,113.4400,113.5495,113.1700,113.0700
54.4150,54.3850,54.3832,54.3700,54.3600,54.3700,54.3600,54.3402,54.3700,54.3650,54.3400,54.3467,54.3350,54.2600,54.2500,54.2468,54.2400,54.2500,54.2500,54.2300,54.2200,54.2300,54.2300,54.2700,54.2550,54.2400,54.2200,54.2300,54.2300,54.2300,54.2800,54.2850,54.2900,54.3100,54.3200,54.3590,54.3589,54.3200,54.3300,54.3000,54.3500,54.3100,54.3100,54.2800,54.3150,54.3200,54.3300,54.3150,54.3450,54.3200,54.2700,54.3000,54.2200,54.2250,54.2200,54.2000,54.1800,54.2243,54.1800,54.2000,54.1872,54.1400,54.1600,54.1310,54.1200,54.1000,54.0990,54.0900,54.1340,54.1400,54.0900,54.0800,54.0700,54.1200,54.1202,54.0900,54.1100,54.0566,54.1000,54.0695,54.1600,54.1500,54.2000,54.1760,54.1900,54.1900,54.2000,54.2000,54.1764,54.1898,54.1900,54.2000,54.1750,54.1890,54.1850,54.2250,54.2474,54.2400,54.2200,54.2201
75.8500,76.5900,76.6600,76.7600,76.7900,76.9800,76.7100,76.4150,76.6000,76.4800,76.0100,77.1039,77.1800,75.2400,75.2500,75.3700,75.2800,75.2700,75.1900,75.4050,74.9900,74.7200,74.2700,74.3300,74.1600,73.7650,72.7600,73.0500,72.9566,72.6300,72.6400,72.2700,72.0000,72.0600,72.1250,72.2300,72.3900,72.1886,72.2700,72.4300,72.6300,72.9000,72.6900,72.6900,72.8500,72.7800,73.4800,73.3600,73.6800,73.5600,73.2200,73.2500,73.0600,73.3800,73.3880,73.3000,73.1550,73.2500,73.1700,73.3600,73.3400,73.1700,72.8100,72.9600,72.7900,72.1400,72.1250,71.8500,72.1100,71.9400,72.0400,71.5500,71.2800,71.5100,71.2900,71.5600,72.1380,72.1600,73.2800,73.7500,73.3800,73.4900,74.1500,74.2000,74.4500,74.4650,74.8000,74.6200,74.5700,74.3700,74.5400,76.1300,75.6200,75.3400,75.4500,75.5800,75.5400,75.5700,75.6500,75.4600
150.1200,151.1300,151.0500,151.4300,151.0100,151.0300,150.8200,150.3155,150.5300,150.5754,149.3944,151.3216,151.6200,149.4300,149.5400,149.5500,149.2480,149.1000,149.0942,149.3500,148.9559,148.7856,148.3699,147.8100,147.7393,147.5350,145.6200,145.8932,145.5788,145.0700,144.9950,144.4287,144.1500,143.9300,143.7100,143.7400,143.9010,143.9299,143.7600,143.6200,143.8899,144.5900,144.1800,143.9100,144.1550,144.6100,145.5800,145.1700,145.5800,145.5700,144.8900,144.2500,143.4400,143.6490,143.4394,143.2000,143.1300,143.1600,142.8800,143.1900,143.0370,142.6625,142.1000,142.4800,142.3400,140.1400,140.5000,139.9600,140.8010,140.2912,140.6116,140.0000,139.7696,140.1700,139.7260,140.6500,142.1200,142.5200,144.1000,144.3000,143.7886,144.3130,145.7000,145.7201,146.3067,146.3635,146.6700,146.2009,146.1200,145.2800,145.2200,146.9800,146.0898,145.7400,145.6498,146.0100,145.9200,145.8700,145.2802,145.3000
92.0500,92.5420,92.4800,92.6450,92.3400,92.4264,92.2400,91.9880,92.0200,91.9610,91.5000,92.5444,92.5800,90.5000,90.6100,90.5690,90.3980,90.2600,90.1530,90.2804,90.0300,89.9577,89.6356,89.3700,89.1400,89.0600,87.8900,88.1109,87.8129,87.4110,87.3900,87.0000,86.7700,86.5000,86.5200,86.5900,86.8056,86.7600,86.9000,86.6400,86.8000,87.2100,86.9160,86.7300,86.9720,87.0900,87.8100,87.5300,87.7900,87.8400,87.4030,87.1400,86.3500,86.5300,86.3902,86.2134,86.2150,86.3100,86.1600,86.3710,86.2900,86.0952,85.7900,86.0301,85.9100,85.0800,85.1111,84.7200,85.0717,84.8500,85.0900,84.8600,84.7600,84.9700,84.8600,85.4300,85.9300,86.1500,86.9100,86.9500,86.5571,86.9400,87.8100,87.9700,88.3450,88.3300,88.6100,88.4225,88.3720,87.7687,87.8400,89.0600,88.5800,88.2800,88.2370,88.3600,88.5000,88.4500,88.0791,88.0000
262.7000,264.2750,264.0800,264.7530,264.2200,264.1200,264.0600,263.2100,263.5700,263.9900,262.6900,265.4000,266.0600,263.8700,264.2200,264.0900,263.6200,263.3300,263.3500,263.8100,263.4700,263.6500,263.3750,262.5800,262.7599,262.3700,260.1200,259.9866,259.3650,258.7715,258.7700,257.5900,257.5100,257.2900,256.7400,256.5000,256.9100,256.8072,256.3500,256.4100,257.2650,258.5500,257.8300,257.2800,257.6000,258.2700,260.0800,259.4100,260.2800,260.3150,259.5300,258.6300,256.5400,257.2800,257.3500,256.6300,256.6600,256.6100,256.0100,256.2750,256.0900,255.6900,255.0705,255.2000,255.2400,251.3100,252.0699,251.3300,252.6400,251.8100,252.1419,251.2600,250.8648,251.3900,250.7200,251.9800,254.4499,255.0800,258.7600,259.5100,258.8400,259.7100,261.6900,261.5400,262.2700,262.1860,262.7700,262.3198,262.0200,260.7826,260.3900,263.4600,261.5200,260.6600,260.5300,261.0800,260.9300,261.3190,260.3600,260.5500
68.4700,68.8300,68.7900,68.9550,68.8300,68.8100,68.7800,68.6000,68.7100,68.8000,68.4300,69.0600,69.1800,68.4200,68.4500,68.4470,68.3120,68.2500,68.2400,68.3150,68.2600,68.3100,68.2400,68.0500,68.0215,67.9800,67.3000,67.2800,67.1500,67.0300,67.0300,66.7700,66.7600,66.7000,66.6100,66.5100,66.6900,66.6500,66.5800,66.5700,66.6900,66.9700,66.8200,66.6400,66.8000,66.9700,67.4250,67.2600,67.5200,67.5800,67.4100,67.1100,66.6150,66.7050,66.7300,66.6000,66.6100,66.5900,66.5000,66.5700,66.5800,66.4850,66.3500,66.3500,66.3600,65.3100,65.4800,65.2500,65.5900,65.3400,65.4700,65.2800,65.1900,65.3200,65.1500,65.5100,66.0700,66.1600,67.1200,67.2461,67.1000,67.2700,67.7700,67.7300,67.9400,67.9600,68.0400,67.9101,67.8500,67.5400,67.4100,68.1100,67.7550,67.5700,67.5200,67.6400,67.6350,67.6900,67.5100,67.5500
143.6300,144.5400,144.4300,144.8400,144.5400,144.5000,144.3900,143.9300,144.1100,144.2400,143.4600,145.0700,145.4344,144.1200,144.3435,144.2815,144.0340,143.8600,143.8500,144.1101,143.8900,143.9050,143.7400,143.2300,143.3100,143.1000,141.6400,141.6250,141.2200,140.9200,140.8700,140.2300,140.1200,140.0200,139.7000,139.6100,139.8500,139.7400,139.5400,139.5700,140.0300,140.7100,140.2700,140.0000,140.2300,140.5900,141.5600,141.1700,141.6450,141.6650,141.1700,140.6400,139.4500,139.8550,139.8600,139.4900,139.5200,139.4500,139.1800,139.3500,139.2900,139.0400,138.7200,138.8000,138.7600,136.7300,137.0500,136.6400,137.3590,136.8800,137.0900,136.5300,136.3600,136.6600,136.1700,137.0000,138.3800,138.8100,140.7600,141.0600,140.6600,141.1050,142.3000,142.2100,142.6400,142.6100,142.9100,142.5800,142.4850,141.6751,141.4200,143.1000,142.1900,141.7200,141.6738,141.9400,141.9300,142.0900,141.5800,141.6800
98.7900,99.3900,99.3100,99.5550,99.2800,99.2917,99.2400,98.9032,99.0200,99.1500,98.5200,99.6544,99.6700,98.3600,98.5550,98.4900,98.3000,98.1600,98.0900,98.1413,98.0300,98.0800,97.8300,97.5500,97.4700,97.2100,96.3800,96.4600,96.1500,95.9000,95.9100,95.4500,95.3400,95.2550,95.1600,95.1630,95.3200,95.3013,95.3550,95.2200,95.4800,95.9600,95.7385,95.5400,95.5200,95.7400,96.5100,96.3000,96.5700,96.5700,96.1800,95.7667,95.0600,95.3600,95.2752,95.0832,95.1100,95.1800,95.0100,95.2480,95.2300,94.9900,94.8200,94.9900,94.8800,93.7500,94.0100,93.6400,94.0100,93.7700,94.0200,93.9100,93.7417,93.9600,93.7300,94.5200,94.8700,95.0400,96.3000,96.4800,96.2300,96.5890,97.4400,97.4400,97.7500,97.6800,97.8400,97.6281,97.5600,96.9300,96.9500,98.2428,97.5240,97.2400,97.1400,97.4000,97.3700,97.4400,97.0400,97.0400
174.7800,175.9464,175.8500,176.4000,176.0800,175.9500,175.9600,175.4050,175.6200,176.0829,175.2500,176.9300,177.7800,177.1400,177.2810,177.2400,177.0000,176.8200,176.9700,177.3700,177.2450,177.4100,177.4350,176.8900,176.9950,177.2100,175.2600,175.1000,174.8600,174.5400,174.4500,173.7050,173.7759,173.6400,173.0900,172.8700,172.9999,172.9750,172.2500,172.7000,173.0396,174.1400,173.4637,173.0900,173.5293,174.1300,175.2056,174.6500,175.3300,175.3400,174.8700,174.3800,172.9591,173.4700,173.4450,173.0515,172.9400,172.7200,172.2200,172.2980,172.1210,171.7900,171.4300,171.5289,171.4200,168.1200,168.9596,168.4600,169.7281,168.9600,169.0610,167.9100,167.7900,168.1700,167.4300,167.9900,170.4100,171.0100,173.7900,174.4800,174.1200,174.5150,175.8000,175.4800,175.9750,176.0200,176.5000,176.0901,175.9500,175.2500,174.5900,176.4200,175.2700,174.5900,174.6188,174.8800,174.8200,175.0600,174.5500,174.6800
131.6900,132.5250,132.4300,132.7840,132.6400,132.4956,132.4681,131.9705,132.1987,132.4400,131.7400,133.0847,133.4700,132.4600,132.5600,132.4800,132.3271,132.1300,132.1214,132.3600,132.2220,132.2519,132.1300,131.7300,131.7901,131.7000,130.4400,130.3800,130.0764,129.7500,129.6700,129.1500,129.1480,128.9700,128.7700,128.8000,128.8350,128.7800,128.6500,128.6100,129.0000,129.6900,129.3028,128.8900,129.1395,129.5900,130.4200,130.0400,130.5300,130.5600,130.0750,129.6400,128.6100,129.0300,128.9750,128.7700,128.6800,128.5800,128.2900,128.4500,128.4250,128.1600,127.8950,128.0100,127.9000,125.9500,126.4400,126.0200,126.7000,126.2800,126.3812,125.8700,125.8214,125.9500,125.5500,126.3300,127.5600,127.9200,129.8400,130.0200,129.8500,130.2693,131.3000,131.0900,131.5408,131.4866,131.7850,131.4910,131.4048,130.7380,130.5200,132.1013,131.0910,130.7100,130.6357,130.8189,130.9000,130.9800,130.5800,130.5600
35.8400,35.9500,35.9300,35.9800,35.9200,35.9300,35.9200,35.8800,35.9300,35.9500,35.8100,36.0600,36.0870,35.7400,35.7150,35.7100,35.6700,35.6400,35.6200,35.6500,35.6200,35.6502,35.6200,35.5801,35.6150,35.5900,35.0900,35.0699,35.0650,35.0150,35.0200,34.9600,34.9400,34.9210,34.9250,34.8370,34.9300,34.9590,35.0200,35.1450,35.2250,35.3400,35.3000,35.2100,35.2900,35.3700,35.5450,35.5200,35.6700,35.6900,35.6850,35.5700,35.2800,35.3100,35.3400,35.3000,35.3200,35.3300,35.2900,35.3150,35.3450,35.3300,35.3050,35.2700,35.3000,34.4300,34.4900,34.3900,34.5200,34.4300,34.4750,34.4200,34.3700,34.4600,34.3750,34.4600,34.6950,34.7100,35.3400,35.3800,35.3000,35.4000,35.6000,35.5850,35.6600,35.6500,35.6900,35.6500,35.6304,35.5400,35.4700,35.6100,35.5499,35.4900,35.4500,35.5000,35.5070,35.5100,35.4790,35.4500
44.8800,45.0600,45.0300,45.1200,45.0600,45.0600,45.0300,44.9750,45.0539,45.0800,44.8800,45.1803,45.1950,44.5700,44.5350,44.5550,44.4600,44.4150,44.4040,44.4200,44.4157,44.4650,44.4300,44.3300,44.3250,44.2900,43.9300,43.8700,43.8200,43.7500,43.7800,43.6500,43.6500,43.6100,43.6000,43.5100,43.6450,43.6300,43.6200,43.5800,43.6400,43.7600,43.6800,43.6000,43.6934,43.8000,44.0770,43.9900,44.1800,44.2500,44.2050,43.9500,43.6600,43.6550,43.6800,43.5950,43.5900,43.6150,43.5800,43.6000,43.6400,43.6200,43.5400,43.5400,43.5400,42.8400,42.9161,42.7700,42.9260,42.8000,42.8866,42.8400,42.7800,42.8300,42.7800,42.9750,43.2564,43.3000,43.7700,43.8650,43.7699,43.8900,44.2100,44.2000,44.3000,44.3461,44.3600,44.2500,44.2400,44.0700,44.0100,44.3900,44.2050,44.1100,44.0750,44.1300,44.1400,44.1505,44.0769,44.0900
78.3600,78.8700,78.7800,78.9395,78.7200,78.7300,78.7000,78.4110,78.5100,78.6900,78.1900,79.0528,79.0300,78.1000,78.2400,78.1850,78.0499,77.9100,77.8650,77.9000,77.8400,77.8700,77.6928,77.4700,77.4380,77.2100,76.6000,76.6900,76.4400,76.2300,76.2400,75.9141,75.8100,75.7600,75.6400,75.6200,75.7600,75.7400,75.7220,75.6600,75.8500,76.2000,76.0000,75.8500,75.8700,76.0000,76.6200,76.4300,76.6700,76.7050,76.4100,76.1500,75.6100,75.8050,75.7400,75.5600,75.5900,75.6200,75.4700,75.6411,75.6390,75.5000,75.3401,75.4000,75.3900,74.5000,74.6000,74.3100,74.5800,74.3600,74.5400,74.4900,74.3314,74.4600,74.4000,74.9900,75.2480,75.3300,76.4000,76.5400,76.3000,76.6400,77.2900,77.2900,77.5300,77.4400,77.5700,77.5000,77.4600,76.9300,77.0200,77.9000,77.3200,77.0800,76.9700,77.1300,77.1600,77.2210,76.9300,76.8800
22.7200,22.9000,22.8700,22.9150,22.8500,22.8975,22.8900,22.8158,22.8100,22.8100,22.6900,23.0700,23.0700,22.5000,22.5100,22.4900,22.4550,22.4300,22.4200,22.4300,22.4100,22.4200,22.3400,22.2800,22.1800,22.0500,21.7400,21.7700,21.6900,21.5700,21.5600,21.4700,21.4200,21.4000,21.3800,21.3750,21.4600,21.4450,21.4700,21.4200,21.4850,21.5400,21.5100,21.5100,21.5000,21.5900,21.7550,21.7300,21.7900,21.7700,21.6700,21.5700,21.5100,21.5968,21.5750,21.5050,21.5200,21.5400,21.5100,21.5800,21.5900,21.5550,21.5600,21.6000,21.5500,21.3200,21.3550,21.2400,21.2800,21.2500,21.3800,21.3900,21.3600,21.4100,21.3650,21.5300,21.6150,21.6900,21.9800,21.8512,21.7700,21.8850,22.1000,22.1278,22.1900,22.2150,22.3200,22.2750,22.2800,22.0715,22.1000,22.4200,22.2450,22.1600,22.0900,22.1900,22.2000,22.2300,22.0500,22.1100
64.2900,64.6000,64.4800,64.7200,64.3700,64.3250,64.2800,64.0400,64.0400,64.0200,63.6700,64.6900,64.6400,63.1100,63.3500,63.3400,63.1700,63.0300,62.9500,63.0200,62.7900,62.8200,62.5900,62.4700,62.4300,62.1800,61.5800,61.6200,61.4650,61.2800,61.2100,60.9100,60.9200,60.7700,60.7300,60.7300,60.8500,60.9000,60.8900,61.0700,61.2300,61.5400,61.4600,61.3700,61.5100,61.6600,62.2000,62.1100,62.1600,62.0800,61.7800,61.5800,60.5900,60.7500,60.6700,60.5250,60.4800,60.5700,60.4900,60.7100,60.6300,60.4200,60.2900,60.4400,60.6700,60.0500,60.1400,59.9600,60.2500,60.0400,60.1700,60.0700,59.9000,60.0700,60.0400,60.2700,60.5900,60.6700,61.4200,61.5200,61.2550,61.5000,62.1900,62.2161,62.4400,62.3800,62.5500,62.3900,62.5050,61.9950,62.0900,63.1000,62.7000,62.5600,62.5100,62.6800,62.5900,62.5750,62.2900,62.3100
88.2000,88.8900,88.8700,89.1700,89.0400,88.9400,88.9500,88.6000,88.7900,88.9100,88.5400,89.4800,90.0300,89.3900,89.3700,89.3500,89.1600,89.0800,89.0700,89.3000,89.2100,89.4100,89.4699,88.9700,89.4000,89.5600,88.6100,88.3446,88.0850,87.9966,88.0600,87.6270,87.7700,87.7000,87.3200,87.1000,87.1400,87.0900,86.6600,86.7500,87.1200,87.7200,87.3400,87.0800,87.2900,87.6700,88.2600,88.0200,88.3800,88.4400,88.1800,87.8800,87.3600,87.4300,87.4600,87.1499,87.1100,86.9300,86.7300,86.6787,86.6000,86.4800,86.2500,86.2500,86.3300,84.3100,84.7100,84.5000,85.2200,84.9000,84.8200,84.2200,84.1300,84.3200,83.9100,84.2300,85.5900,86.2200,87.7400,88.1500,87.9700,88.2300,88.8500,88.6705,88.9000,88.8500,89.0700,88.9100,88.8200,88.5100,88.0900,89.2700,88.6795,88.3200,88.3100,88.4850,88.4500,88.6000,88.2500,88.4100
1,1,1,1,1,1,1,1,1,1,1,1,1,1,1,1,1,1,1,1,1,1,1,1,1,1,1,1,1,1,1,1,1,1,1,1,1,1,1,1,1,1,1,1,1,1,1,1,1,1,1,1,1,1,1,1,1,1,1,1,1,1,1,1,1,1,1,1,1,1,1,1,1,1,1,1,1,1,1,1,1,1,1,1,1,1,1,1,1,1,1,1,1,1,1,1,1,1,1,1
59.1300,59.2700,59.2100,59.2400,59.1300,59.1300,59.1600,58.9700,59.2400,59.5500,59.3800,60.0900,59.8384,58.9200,58.9750,59.0200,58.9550,58.9600,58.9700,59.2000,59.2600,59.2750,58.9200,58.9500,58.9500,58.6900,58.3000,58.3200,58.1100,57.9300,57.9700,57.9000,57.7100,57.6300,57.3700,57.5100,57.4600,57.6000,57.5900,57.9400,58.0700,58.4000,58.2700,57.9900,57.9980,57.9400,58.3150,58.1300,58.2700,58.5100,58.6200,58.7900,58.9400,59.1400,59.0900,58.9200,58.9900,59.0400,58.8400,58.9800,59.0200,58.7500,58.4200,58.4400,58.2100,57.3800,57.1550,56.7800,57.0800,56.8800,56.9800,57.0000,56.9000,57.0100,57.0500,57.4000,57.7000,57.8100,58.2200,58.3900,58.2050,58.5100,58.9900,58.9560,59.4000,59.3750,59.4500,59.3700,59.4000,59.3700,59.8800,60.5050,60.1000,59.7000,59.6050,59.7900,59.7020,59.8400,59.7200,59.5500
99.5300,100.1100,100.1300,100.2400,100.2900,100.1300,100.1700,99.8300,99.8200,100.0100,99.4901,100.0300,100.4900,101.5800,101.7850,101.6800,101.5200,101.3800,101.3100,101.4100,101.4250,101.4100,101.3000,100.9950,101.0500,100.9700,100.3000,100.1700,100.0100,99.9000,99.8500,99.4100,99.4300,99.4370,99.1700,99.0700,99.2300,99.2000,99.0000,98.8900,99.2800,99.7500,99.5300,99.3700,99.3200,99.4300,100.1500,99.8600,100.2600,100.3300,100.0000,99.6500,98.4100,98.7200,98.7900,98.5150,98.6800,98.7500,98.4400,98.6650,98.5200,98.5250,98.0700,97.9100,98.1900,97.0300,97.2900,97.0800,97.4900,97.3600,97.6000,97.4200,97.1800,97.4500,97.2900,97.9100,98.5350,98.6800,99.9700,100.3700,100.2500,100.6100,101.1000,100.9661,101.2800,101.0900,100.9201,100.6700,100.4200,100.0800,99.9300,100.7400,100.0400,99.8300,99.9200,100.0800,99.9900,100.0250,99.8500,99.7500
114.8000,115.4500,115.2300,115.6300,115.0500,115.2085,115.1100,114.7900,114.8900,114.9600,114.3600,115.7100,115.9500,114.3600,114.6100,114.5100,114.3900,114.2900,114.6800,114.9700,114.8200,114.7800,114.6800,114.3800,114.0500,113.8100,112.2900,112.5150,112.4500,112.0950,111.9300,111.4300,111.3200,111.1800,111.0800,110.8700,111.0800,110.8800,110.6500,110.3700,110.5000,110.9800,110.6400,110.3800,110.7950,110.9700,111.8300,111.4600,111.7100,111.7500,111.4500,111.0800,110.3800,110.7350,110.7300,110.5900,110.5900,110.5700,110.4200,110.4600,110.1500,109.9500,109.7200,110.0300,109.9700,108.2400,108.4700,108.2700,108.8100,108.3600,108.5400,107.8600,107.7700,107.9500,107.6000,107.9400,109.5800,109.7600,110.9300,111.3500,111.0300,111.3102,112.2200,112.0522,112.4800,112.5000,112.9800,112.8400,112.7400,112.1800,112.0100,112.9400,112.0900,111.6000,111.6400,111.7200,111.8400,111.8500,111.5100,111.6700
