2020-04-28 16:00:00,2020-04-28 15:30:00,2020-04-28 15:00:00,2020-04-28 14:30:00,2020-04-28 14:00:00,2020-04-28 13:30:00,2020-04-28 13:00:00,2020-04-28 12:30:00,2020-04-28 12:00:00,2020-04-28 11:30:00,2020-04-28 11:00:00,2020-04-28 10:30:00,2020-04-28 10:00:00,2020-04-27 16:00:00,2020-04-27 15:30:00,2020-04-27 15:00:00,2020-04-27 14:30:00,2020-04-27 14:00:00,2020-04-27 13:30:00,2020-04-27 13:00:00,2020-04-27 12:30:00,2020-04-27 12:00:00,2020-04-27 11:30:00,2020-04-27 11:00:00,2020-04-27 10:30:00,2020-04-27 10:00:00,2020-04-24 16:00:00,2020-04-24 15:30:00,2020-04-24 15:00:00,2020-04-24 14:30:00,2020-04-24 14:00:00,2020-04-24 13:30:00,2020-04-24 13:00:00,2020-04-24 12:30:00,2020-04-24 12:00:00,2020-04-24 11:30:00,2020-04-24 11:00:00,2020-04-24 10:30:00,2020-04-24 10:00:00,2020-04-23 16:00:00,2020-04-23 15:30:00,2020-04-23 15:00:00,2020-04-23 14:30:00,2020-04-23 14:00:00,2020-04-23 13:30:00,2020-04-23 13:00:00,2020-04-23 12:30:00,2020-04-23 12:00:00,2020-04-23 11:30:00,2020-04-23 11:00:00,2020-04-23 10:30:00,2020-04-23 10:00:00,2020-04-22 16:00:00,2020-04-22 15:30:00,2020-04-22 15:00:00,2020-04-22 14:30:00,2020-04-22 14:00:00,2020-04-22 13:30:00,2020-04-22 13:00:00,2020-04-22 12:30:00,2020-04-22 12:00:00,2020-04-22 11:30:00,2020-04-22 11:00:00,2020-04-22 10:30:00,2020-04-22 10:00:00,2020-04-21 16:00:00,2020-04-21 15:30:00,2020-04-21 15:00:00,2020-04-21 14:30:00,2020-04-21 14:00:00,2020-04-21 13:30:00,2020-04-21 13:00:00,2020-04-21 12:30:00,2020-04-21 12:00:00,2020-04-21 11:30:00,2020-04-21 11:00:00,2020-04-21 10:30:00,2020-04-21 10:00:00,2020-04-20 16:00:00,2020-04-20 15:30:00,2020-04-20 15:00:00,2020-04-20 14:30:00,2020-04-20 14:00:00,2020-04-20 13:30:00,2020-04-20 13:00:00,2020-04-20 12:30:00,2020-04-20 12:00:00,2020-04-20 11:30:00,2020-04-20 11:00:00,2020-04-20 10:30:00,2020-04-20 10:00:00,2020-04-17 16:00:00,2020-04-17 15:30:00,2020-04-17 15:00:00,2020-04-17 14:30:00,2020-04-17 14:00:00,2020-04-17 13:30:00,2020-04-17 13:00:00,2020-04-17 12:30:00,2020-04-17 12:00:00
211.5200,212.9300,212.8900,213.6099,213.1900,213.0450,213.0600,212.3000,212.7700,213.1900,212.3100,214.1700,215.4700,215.3500,215.3750,215.3800,214.9950,214.8000,214.9900,215.6600,215.5000,215.8700,216.1900,215.2000,215.9600,216.3900,214.0600,213.5850,213.1658,212.8257,212.7900,211.8200,211.9400,211.7743,211.0900,210.7496,210.8400,210.7900,209.6200,210.5600,211.0950,212.3800,211.6100,210.9000,211.5200,212.4200,213.8000,213.0500,213.9500,214.0100,213.6400,212.9400,211.0800,211.5650,211.7300,211.1800,211.0800,210.7500,210.1000,209.9100,209.7900,209.6100,209.2900,209.2500,209.3200,205.0600,206.1400,205.5700,207.3101,206.4200,206.3000,204.8500,204.7100,205.1300,204.2900,204.9300,208.4000,209.5500,212.6500,213.5900,213.1800,213.7750,215.2300,214.6878,215.3000,215.1400,215.6200,215.2300,215.2100,214.5000,213.3500,215.2300,213.7989,212.9500,212.9266,213.2450,213.1600,213.7050,213.0900,213.4600
11.2600,11.2747,11.4800,11.4850,11.1800,11.2250,10.9500,10.8700,10.7000,10.5600,10.4000,10.7321,10.6300,10.0300,10.1800,10.2300,10.2184,10.2800,10.2830,10.3900,10.2450,10.2500,10.2450,10.2700,10.2500,10.2200,10.3000,10.4301,10.4400,10.3401,10.3400,10.1999,10.1900,9.9750,10.0021,10.0772,10.1500,10.1700,10.2300,10.2400,10.3450,10.3300,10.3699,10.3900,10.5150,10.5400,10.6000,10.5700,10.5214,10.5500,10.5500,10.4100,10.2800,10.3550,10.2200,10.2750,10.1600,10.2199,10.3000,10.4100,10.4400,10.2866,10.5200,10.5400,10.8800,11.0300,11.0000,10.9100,10.9000,10.7600,10.8476,10.8900,10.9100,10.9500,10.9400,10.9800,11.1218,11.1500,11.0500,11.0200,10.9200,10.8850,11.0800,11.1200,11.0800,11.1900,11.2700,11.2400,11.1900,11.0850,11.1900,11.5700,11.6299,11.6900,11.6200,11.6500,11.7301,11.7200,11.5750,11.5800
278.5600,280.7600,280.8500,281.1650,281.0700,280.7527,281.4600,280.2200,281.1600,281.9700,281.1000,283.2700,284.7200,283.2700,282.5548,282.5860,282.4600,281.7300,281.0200,281.8100,281.7500,282.2310,283.1100,281.3900,283.1400,284.2100,282.9600,281.9701,281.2500,281.2600,281.2900,280.8000,280.4900,280.1200,278.8700,278.9800,279.4600,279.4900,277.4600,275.0100,276.3094,277.7800,276.9000,276.5800,277.4503,278.5200,280.2350,279.7000,280.5200,280.7200,280.5800,278.5500,276.0800,276.7538,277.3900,275.5761,275.7600,274.8700,274.1900,274.2300,273.6100,273.5100,272.6900,273.2300,273.6800,268.5900,269.8800,268.8700,270.6100,268.9800,269.4300,267.9100,267.0000,267.7400,267.7715,268.9600,270.6550,273.2000,276.8550,278.2900,277.9400,278.4900,280.0700,279.3309,279.5800,279.5300,280.2900,280.2800,280.8900,280.3500,278.2800,282.8800,279.9863,278.3000,278.4178,279.7100,280.0800,281.2050,280.1600,280.6400
333.4600,336.5000,335.7800,335.9450,335.7600,336.2000,336.9500,336.5800,338.0000,338.8800,339.7200,343.8500,349.6300,348.4800,347.7500,347.1800,345.3500,345.7800,347.2917,348.5300,347.8800,348.5300,349.6600,347.9500,347.9900,348.2500,344.2600,341.8400,340.2200,340.1900,340.8300,338.8500,339.5800,339.1000,337.2800,335.8054,336.4700,336.3100,333.7600,335.3800,336.7700,339.8800,337.7500,337.2200,337.6400,339.0400,340.5184,338.7000,340.7000,341.3100,340.8750,340.0500,336.4500,337.5900,337.5200,335.8900,336.1400,336.4300,336.3600,336.9600,338.0300,338.4600,336.7200,336.4250,335.0000,329.6100,331.3900,331.0300,334.6543,332.5300,332.2700,328.3400,327.3201,329.1100,326.4200,329.1900,334.1600,337.8800,344.9200,346.1760,345.3400,345.9200,347.9001,346.0800,347.6500,347.6900,348.0600,347.1100,346.4300,345.6400,342.6000,344.3100,340.9150,340.9700,341.8500,342.3000,343.2250,343.1000,342.3400,343.9600
107.6000,108.9900,109.0300,109.5200,109.0200,108.8600,108.9700,108.4900,109.0200,108.9300,108.1600,109.9000,110.3100,108.0500,107.9600,108.3500,107.5900,107.9275,107.7100,108.1150,107.8900,107.9200,107.9000,106.8200,107.1700,108.2400,105.9200,106.0100,105.7000,105.7800,105.8000,105.0500,104.9500,104.9450,104.2100,103.6350,103.7300,103.0600,102.0500,101.8000,102.0000,102.8750,102.0300,101.4900,102.2050,102.7100,103.3700,102.8400,103.7200,103.7200,102.0900,101.7100,102.1200,102.3800,102.2900,101.7500,101.5000,101.3300,101.0000,100.7900,100.4000,100.2400,100.2500,99.8600,100.1900,96.7100,97.0400,97.0700,97.8550,97.2500,97.1800,96.5900,96.6100,96.7400,96.2200,96.7400,98.0200,98.7000,100.8300,101.0800,101.2300,101.4100,102.2100,102.0100,102.5200,102.5000,102.5300,102.5800,102.5800,101.7700,101.0600,102.8000,102.3700,102.0100,101.8500,102.4000,102.4900,102.8500,102.2550,102.2000
143.0100,144.5400,144.3300,145.0400,144.6400,144.3400,143.7000,143.1700,143.4600,143.5150,142.6900,144.6100,145.2800,142.1900,141.5849,141.5600,141.5200,140.7600,141.1600,141.2200,140.5900,140.3700,140.4363,140.2400,140.4500,140.5200,139.1700,138.9900,138.4800,138.2400,138.9300,137.5900,136.9500,136.6200,135.9300,136.1700,136.0900,135.6700,135.5700,135.8800,136.7000,137.3100,136.6650,136.6300,137.3400,137.6800,139.4550,139.0300,139.9900,140.5966,140.1400,140.2400,138.7100,138.7300,138.8750,138.4300,138.5950,139.1100,138.6800,138.9822,138.7800,138.3600,137.7400,137.6800,137.8000,133.8000,134.5800,134.2900,135.3600,134.9600,135.2450,135.0700,134.7300,134.6800,134.1300,134.8700,136.1200,136.4100,139.8000,140.3200,139.7419,140.3400,141.5600,140.8300,141.1400,140.5000,140.7100,139.4900,139.8900,138.6100,139.1900,141.1000,139.9500,138.9800,139.3000,139.4400,139.8100,140.4000,139.9200,140.1616
177.3200,178.2300,178.1600,178.1700,177.7400,177.0100,177.0700,177.4300,177.9000,178.3500,176.4100,179.4000,181.4600,182.4600,182.9580,182.9400,183.5600,184.2500,182.9500,184.0000,184.3400,184.6800,184.5600,183.9700,185.0550,185.9700,180.3600,180.0100,179.5110,179.2600,179.7800,179.6200,179.4400,178.9300,177.8700,175.9000,176.4100,176.2100,175.4300,175.5600,176.8150,178.2600,177.2200,176.5200,177.8700,177.3300,178.7300,177.4900,177.3950,177.5800,177.1800,175.0100,175.3800,175.6900,175.6800,175.6700,175.2400,175.0000,174.1100,174.0046,173.9400,173.7300,173.5400,174.4200,176.3700,170.3600,171.1600,170.5500,173.0150,172.0100,169.5200,167.1900,167.7100,168.6700,167.5300,168.1300,171.6468,175.5400,177.9700,178.5800,177.7700,178.2800,179.9000,178.5700,180.4200,180.7600,180.3900,180.6500,180.1800,180.2050,179.2500,181.0200,179.0900,179.2200,181.1900,181.1600,180.4650,179.3800,179.4000,179.3100
203.5100,206.1800,206.6000,206.1850,204.2500,202.8299,201.7800,204.2600,205.0100,203.2500,199.3700,201.0300,199.4700,196.5200,196.2600,195.6800,195.0008,194.4600,194.3900,194.8000,193.9000,193.2800,193.9800,193.4900,194.0900,195.2500,191.9800,192.2900,191.0500,192.2100,194.0700,190.0000,189.7700,189.6100,189.6650,190.3200,189.7800,190.2100,188.1600,188.5800,189.1650,189.5900,189.1100,189.1000,190.0150,190.7100,191.7300,192.0500,193.5850,194.7500,193.6350,191.0100,190.0000,188.7800,189.0500,188.6300,189.7700,189.9000,188.3800,190.7300,191.9100,195.2900,194.8300,194.4028,192.8400,187.1100,187.2200,187.5900,188.5600,187.3600,187.1100,186.5100,186.3400,186.8900,186.5450,189.4000,193.6066,193.4400,196.7300,196.7750,196.6300,196.3600,199.6100,199.7250,202.7901,204.0659,203.3500,200.4700,198.5300,196.7350,192.3500,193.0100,190.7600,189.9100,189.3700,190.0900,188.7500,187.6700,186.5900,186.8200
106.9200,107.7300,107.7100,107.8500,107.5500,107.5700,107.7500,107.0300,106.8700,107.5550,106.6700,107.2999,106.7000,110.8900,111.3450,111.3150,111.0150,110.9200,110.6500,110.8200,110.5700,110.5100,110.7500,111.0000,110.5200,110.9000,108.1300,108.1100,107.3600,107.1700,107.1400,106.2250,105.6400,105.5550,105.3600,104.9300,105.0100,104.8000,104.4500,104.2100,104.6650,105.5400,104.8800,104.4800,104.4974,104.7400,106.0200,105.1500,105.7000,105.7200,104.5800,104.1900,103.7900,104.4550,104.4300,103.8100,104.3300,103.8900,103.2796,103.5200,103.2490,102.9600,102.5150,101.9600,104.0100,103.5500,104.4100,103.9900,104.7800,104.0900,103.9550,103.8900,103.3900,103.7400,103.6900,104.9200,105.1700,106.0200,106.7200,106.6950,106.9500,107.0800,107.9600,107.6850,108.4400,108.4550,108.4100,108.7300,107.9900,106.6200,105.7700,103.5000,102.7850,102.7900,102.8100,102.4200,102.4200,102.1300,101.8750,101.6400
50.4200,50.9600,50.9300,51.3350,51.0000,50.6800,50.6800,50.5950,51.1400,50.9900,50.5100,51.4336,51.4700,51.0400,50.7050,50.9400,50.8500,51.0700,51.1000,51.5700,51.5075,51.9900,51.9000,51.4900,51.9700,52.3700,51.7500,51.5000,51.2800,51.2650,51.3100,50.8500,50.8700,51.0700,50.6400,50.3600,50.3700,50.2400,50.2100,50.8500,50.9900,51.3300,51.1300,50.9200,51.1400,51.4600,51.7600,51.4100,51.9450,52.0700,51.6100,51.4200,52.1100,51.9395,51.7600,51.6400,51.5900,51.3200,51.0600,50.8700,50.8800,50.7800,51.0100,50.6700,50.6200,48.3300,48.7400,48.7200,49.3850,49.0000,48.9400,48.5600,48.5800,48.6200,48.5000,48.6700,49.4281,49.8200,50.6400,50.8050,50.9400,51.1100,51.6100,51.5500,52.0215,52.0600,52.0000,51.9800,52.0400,51.9150,51.6000,53.2000,53.0350,52.8000,52.8400,52.7100,52.8600,52.7700,52.5050,52.6200
55.5000,56.0001,56.1000,56.4901,56.3400,56.1200,56.0800,55.7620,56.1200,56.2200,55.4500,56.2701,56.7700,56.4898,56.3400,56.7300,56.5399,56.7800,56.6000,57.0800,57.0799,57.1800,57.3377,56.4700,57.4800,57.5200,56.1600,56.0200,56.2800,56.4600,56.7173,56.1000,56.2100,56.5100,56.1900,55.7300,55.3300,55.2834,54.7300,55.8800,56.2250,56.7543,56.3500,55.9200,56.3743,56.8000,56.9800,56.8500,57.0400,56.9800,56.9827,56.5900,55.9200,55.8150,55.7700,55.7693,55.5700,55.2550,55.1500,55.0150,55.2300,54.9130,54.6300,54.8350,55.2900,52.9800,53.2300,53.3900,54.2100,53.7600,53.7750,53.0600,53.2700,52.9300,52.2869,52.4300,55.3800,56.5900,56.9500,57.1800,57.0800,57.3100,58.0900,57.8101,58.1350,58.1600,58.2200,58.3550,58.3300,57.4801,57.0300,56.6000,56.1500,56.2400,56.0550,56.1100,55.9178,56.2600,55.9350,56.2900
237.6400,239.4100,238.8700,238.9300,238.9400,238.6200,238.6800,237.6500,238.4700,239.3500,238.4100,239.8932,241.4800,242.4600,242.3100,241.6400,240.9200,240.8982,240.0950,240.6000,240.3050,239.4800,239.4900,238.6100,236.7500,237.0400,236.2600,235.5400,235.0200,233.9600,234.4500,232.9450,232.7500,233.2300,232.7200,231.3800,232.5800,232.4200,230.9500,232.6300,232.2000,233.5600,232.9550,232.0300,232.8100,233.5800,234.7000,233.4000,234.5200,234.0100,233.9200,232.0900,229.3100,229.4950,229.6000,228.7100,229.0900,228.9000,229.1000,228.7800,228.8200,229.9100,228.5300,228.0350,230.4200,231.3400,231.4350,230.9800,232.9800,232.4282,232.5000,232.1400,232.4350,232.7900,232.5300,234.7900,234.2500,235.3700,236.5000,237.9350,237.3300,238.3300,239.1800,238.2900,239.1100,238.5700,237.5600,236.6400,236.3700,236.5679,235.0300,235.0300,232.1000,232.0900,231.5538,231.7700,231.2500,230.6900,230.3450,230.1300
2314.1600,2324.2390,2318.0500,2332.8401,2325.5300,2327.2500,2326.0700,2313.2439,2315.9600,2325.5000,2321.0800,2334.8899,2350.2900,2376.9900,2379.5500,2379.8100,2371.0100,2366.0700,2390.8782,2404.0900,2404.0881,2405.2800,2419.0000,2411.8799,2420.9812,2437.8400,2410.0000,2408.1797,2406.1300,2401.9614,2402.3600,2399.0000,2402.5000,2398.2500,2395.5300,2396.0000,2398.6300,2401.2717,2387.6500,2399.5300,2397.4900,2408.4100,2400.2903,2391.4700,2400.0801,2407.3700,2410.0901,2402.0900,2412.4250,2411.3600,2411.2046,2418.3000,2361.2722,2374.6399,2380.6900,2377.5000,2378.5200,2373.5908,2368.7500,2362.9500,2361.0800,2362.2351,2363.2881,2382.8101,2387.8500,2333.1300,2350.5000,2341.1300,2366.0000,2344.5500,2341.7080,2316.0800,2316.3594,2322.6700,2305.0000,2293.6300,2377.5000,2390.4200,2392.2000,2403.8999,2399.4099,2401.5000,2419.0800,2408.8730,2415.1318,2418.7200,2425.6600,2421.0293,2420.9600,2418.8301,2398.9800,2374.9900,2361.2100,2337.1700,2338.0000,2336.9399,2343.8208,2352.0701,2353.3750,2359.0500
257.2800,259.2150,258.6400,258.5100,258.7300,257.0300,257.1900,256.3450,256.7400,258.8450,260.2700,262.9800,265.0500,262.5500,262.9100,263.0600,263.1000,263.1300,263.2700,263.9600,264.3900,264.2500,263.1300,261.5200,263.8600,264.0200,259.4600,258.8100,258.4200,258.6300,259.9500,258.7600,259.5300,259.6600,258.3800,258.1800,257.8600,259.0500,256.9900,259.0600,258.6300,261.0600,259.8400,259.3700,260.4000,262.1000,263.3250,262.4700,264.3550,265.0000,262.0000,261.8800,263.2900,263.4500,262.8200,261.4500,261.2900,261.6700,259.8400,259.4300,259.3300,259.6200,257.1600,257.4800,258.7500,253.4500,254.8300,255.1100,256.7400,255.7700,255.1850,254.5500,254.8550,255.8000,254.1700,254.9800,259.5600,260.9800,266.7300,267.6300,266.4143,266.6200,268.0200,267.7200,267.5800,267.8400,267.0000,265.8400,264.3500,262.4600,261.7000,263.8100,261.7400,261.4300,261.9950,261.6400,261.0700,259.0000,257.2600,258.8700
291.1700,294.1550,294.4100,295.2400,294.8400,293.8400,293.2800,291.9533,294.0500,294.2400,292.8000,295.0700,295.2400,290.9200,290.9200,291.7800,291.1200,292.2100,292.3600,293.7300,293.0700,293.6600,293.2688,291.1200,291.5000,293.8100,291.7500,290.4900,291.0700,291.1050,292.0000,290.9400,290.0300,289.4600,288.2600,286.8800,287.6900,287.7500,286.3700,289.7400,289.3950,290.5600,289.7750,289.1000,289.0400,291.6800,292.8700,291.2900,294.1900,294.9800,295.3900,291.7500,295.0000,294.2600,293.3000,293.1556,291.4400,291.3700,290.2850,290.4300,290.9300,290.0350,289.3200,289.0400,289.4000,281.4000,281.5000,280.9000,283.5600,282.6300,282.2400,280.5600,281.3950,281.2900,279.6400,282.2800,285.6100,286.6100,291.4400,292.9300,292.7100,293.8000,295.8900,295.5400,296.9300,297.0600,297.0700,296.1650,295.4300,294.8000,293.4200,295.3600,295.6100,294.2500,294.9600,294.3900,294.2700,295.1500,294.7700,295.3200
63.8500,64.0350,64.0300,64.1900,64.3400,64.3500,64.4000,64.0600,64.1500,64.4750,64.7700,64.8300,65.6000,67.0700,67.1450,67.2100,67.3200,67.1000,67.2900,67.6450,67.4000,67.5400,67.4500,66.7300,67.1600,67.6400,66.6500,66.5100,66.5000,66.3850,66.3900,66.0250,66.2800,66.4050,66.3900,65.9800,66.1000,66.3000,65.9400,65.8800,66.1000,66.4400,66.2450,66.1100,66.4400,66.9500,66.9575,66.8500,67.2450,67.3500,67.3400,66.7800,66.9800,66.8800,66.8000,66.7100,66.5400,66.4200,66.1450,66.0500,66.1900,65.9800,65.0700,65.3900,65.3000,65.8200,65.9200,65.9000,66.6400,66.2500,65.9800,65.5200,65.4250,65.3600,65.1450,65.1700,66.1899,66.8300,66.4600,66.7300,66.6700,66.4600,66.7700,66.5800,66.8100,66.5700,66.6900,66.3850,66.6200,66.2400,66.4300,66.8800,66.2350,65.8700,66.5200,66.6700,66.2900,66.2000,65.6600,65.4900
264.5000,267.6500,267.9500,269.6900,268.3800,268.1250,268.5900,267.7300,269.0900,268.6000,267.4400,271.1300,274.0000,268.4700,268.3050,268.3500,267.6500,267.7000,267.7600,268.3800,267.6400,268.4600,269.1400,267.7050,268.8326,268.7800,264.7500,265.0000,264.3200,263.6600,263.8300,261.9900,262.3900,262.1200,261.6905,260.0250,261.1000,262.4269,259.8500,258.8300,261.7900,265.0400,263.3275,262.0200,262.9800,263.3500,265.2000,263.2500,264.5700,263.5700,262.5750,262.0200,259.8800,260.5100,260.0000,259.9300,259.1139,258.0200,258.2300,256.6800,257.2600,256.2700,257.0900,255.0900,253.2200,247.8300,248.4600,248.5900,251.8100,251.5100,251.7300,250.8800,250.8770,250.5400,249.0700,249.7500,251.0001,253.3500,258.2900,259.7264,260.2668,260.7600,262.9400,262.3100,263.0650,262.9100,263.8600,264.0600,264.5300,262.4199,261.4100,265.9000,265.8350,264.8100,263.7800,264.8200,264.6200,264.3500,262.0650,260.6700
97.1300,97.5650,97.7300,97.7400,97.5600,97.2900,97.1900,97.0650,97.5800,97.8200,97.0300,97.8500,98.6239,100.4900,100.6400,100.6200,100.2900,100.2700,99.9600,100.3200,100.2600,100.2700,100.3374,100.0300,100.7400,100.7600,100.9300,101.1000,101.2200,100.9300,100.6500,100.3400,100.2500,100.7300,100.8000,100.5000,100.5100,100.7500,101.2300,99.8900,99.7100,99.7600,99.4800,99.6000,100.0800,100.5000,100.9800,101.1800,101.7500,101.2000,101.7850,101.9200,101.8300,101.8900,101.6000,101.6100,101.7750,101.7902,101.6900,101.8900,101.9300,101.2750,101.6100,102.5100,103.0100,101.4900,101.3900,101.0600,101.6701,100.7900,100.8000,100.0400,99.9000,99.8400,99.5800,99.6700,100.9000,101.9800,104.6700,104.9000,105.1300,105.3620,106.4400,105.9350,106.4700,106.7700,106.9900,106.3900,106.9500,106.7300,105.2700,105.0100,104.8350,104.2900,103.9500,103.7500,104.6500,104.9600,104.9100,104.8600
304.9600,308.0450,307.8700,307.9200,308.8200,309.2500,308.3900,306.6000,306.0100,306.3850,303.6400,309.5600,308.8900,303.2700,303.2800,302.4900,301.3906,302.7700,303.6000,304.7950,303.8800,304.0400,302.5600,302.5900,301.2700,301.3300,297.6900,297.1500,296.4300,295.3300,295.5200,295.0600,295.5000,294.9500,294.1800,293.0800,293.0800,293.7400,292.5600,292.2600,293.1500,294.5900,293.9501,292.7900,294.4900,294.1600,296.9900,296.1800,296.3900,296.0600,296.8701,292.8400,297.9000,301.1400,300.4700,298.2800,299.2200,298.2900,296.5400,296.8490,298.3000,299.6350,294.4700,290.4700,297.2200,330.2100,333.3900,331.6700,333.2600,330.4700,330.8400,331.5100,332.3500,333.7800,332.3300,333.7300,334.0900,334.9600,339.1400,342.9600,341.7900,344.5300,345.4700,346.0400,347.1400,348.1200,348.3800,348.3364,348.6100,344.0600,342.1900,343.0600,338.0252,337.0000,335.8650,337.1700,337.5700,338.3300,337.7500,339.7150
1440.8000,1447.7650,1442.2900,1449.1250,1440.4800,1445.2509,1432.0600,1431.4500,1434.9500,1434.3007,1417.8900,1443.8700,1455.0900,1403.0900,1404.7800,1406.7000,1407.2500,1403.1600,1405.3400,1402.4300,1399.0800,1396.7100,1393.3500,1393.9800,1398.6200,1385.1100,1365.3400,1366.8101,1368.1613,1356.7750,1353.8900,1346.7700,1345.6500,1347.1700,1346.8051,1356.5000,1353.4900,1351.2300,1355.2900,1359.9600,1355.2300,1358.7500,1359.7450,1359.1000,1360.3700,1363.9700,1370.1600,1361.2400,1370.6851,1369.0600,1375.4750,1359.8101,1354.8900,1357.8051,1354.1899,1352.5900,1353.1900,1355.5750,1351.6700,1359.7400,1363.8500,1363.0000,1363.5900,1361.2750,1354.0500,1342.3000,1349.0450,1347.5100,1357.4351,1342.1400,1347.2200,1329.9200,1335.9750,1340.9600,1339.2000,1335.9700,1365.6150,1369.0500,1410.1801,1417.9500,1419.4400,1418.5337,1433.2600,1429.1899,1434.6900,1432.2200,1442.5400,1442.1300,1440.0000,1434.0200,1437.1800,1470.9800,1467.7300,1463.5300,1470.3500,1473.1100,1472.4725,1474.4100,1466.7150,1468.6500
94.4900,94.8800,94.7900,95.2350,94.7500,94.4000,94.2600,93.9850,94.4000,93.8300,92.4750,92.7700,94.2500,98.0100,98.0200,97.8200,97.6300,97.8600,98.2800,98.7900,99.2535,98.8700,97.9800,98.1500,98.2500,98.5900,97.3200,97.1000,96.7700,96.5300,96.5700,95.4700,95.1100,95.3500,94.6700,94.1600,93.2600,93.1600,93.3100,93.0600,93.0150,93.4000,93.2350,92.6000,94.0100,94.1600,94.3100,93.9100,94.7200,94.6900,94.5200,93.4000,92.4200,92.9000,93.0650,92.5300,92.7000,92.5400,92.5600,92.2300,92.2800,92.1650,91.7600,91.4500,92.6000,90.8600,90.9100,90.3700,91.6600,91.4500,91.2000,90.8700,90.6600,91.1600,91.1400,92.8600,92.8700,93.0200,93.2200,93.2450,92.2300,93.3200,93.7900,93.2200,93.4600,93.4517,92.6400,91.6400,90.9300,89.4900,88.3700,89.1000,88.1700,87.4500,87.4000,87.3500,86.6700,86.8500,86.8900,87.0900
78.4700,79.2300,79.1500,79.7900,79.3500,79.2950,79.3800,79.1200,79.1300,79.3900,79.0900,79.6500,81.1600,81.3000,81.4500,81.4500,81.5200,81.6000,81.7400,81.8900,81.6300,81.8200,81.1900,80.6500,81.4300,81.2400,80.5200,80.9100,80.7600,80.6500,80.7500,80.2750,80.7400,80.7000,79.9900,80.0200,79.9400,79.9700,79.2100,79.8400,79.8600,80.6000,80.1800,79.9500,80.2200,81.1800,81.3900,80.9200,81.1100,80.9600,80.3200,79.8300,79.8000,80.1600,80.3100,79.9900,79.9600,79.9300,79.8700,79.2500,78.9700,78.4800,77.7800,78.0250,78.5100,74.8200,74.6100,74.2600,74.9600,74.9000,74.6200,73.8800,73.8050,73.8500,73.8500,74.3000,75.3200,75.9700,77.8500,78.0600,77.6900,77.8900,78.4500,78.1600,78.3300,78.4500,78.4300,78.2600,78.3400,77.8700,78.4200,78.6200,78.6000,78.6500,78.7500,78.9900,78.9300,79.1000,79.1700,79.8100
107.1400,108.5600,108.0200,108.3800,108.1600,108.0200,107.9800,107.4300,107.4800,106.9000,106.4700,107.4350,108.0200,106.3200,106.3100,106.8900,106.4850,106.6400,106.2600,106.0300,105.8250,106.0700,105.9700,105.6400,106.2700,106.0800,104.7700,105.4500,105.0400,105.0950,105.0300,104.8600,105.1900,104.8600,104.5700,104.4000,103.5500,103.7020,103.0000,100.8600,101.3900,102.0900,101.9200,101.8900,102.6300,103.3800,104.0800,103.8700,103.5900,103.3500,102.7300,102.5900,101.7300,102.4300,102.1500,101.7950,102.0100,101.8800,101.5350,102.0401,101.1000,100.7450,99.7000,100.0700,99.8700,99.0600,99.5450,99.2400,100.4100,99.9300,100.0400,99.7700,99.6800,100.1400,99.7100,101.1400,102.2800,102.2200,105.6700,105.4200,104.5900,104.7300,105.2700,105.3200,106.3200,106.4400,106.6300,106.5500,106.4300,106.8750,106.0200,108.8500,107.7000,107.8300,108.2500,107.8100,108.3700,107.8500,106.8900,106.7000
71.9400,72.5800,72.7000,72.6400,72.4100,72.3300,72.3600,72.5300,72.6200,72.9450,72.9200,73.5700,74.5900,73.3500,73.3200,73.1750,73.1600,73.1500,73.1500,73.1300,73.1700,73.2100,73.0500,72.5500,72.8800,73.0900,72.7300,72.6200,72.5800,72.3300,72.3000,71.7501,71.6400,71.6900,71.4900,71.6300,71.6400,71.7250,71.2400,71.2000,71.2900,71.4900,71.2600,70.9100,70.9900,70.8600,71.4700,71.2000,71.4400,71.6000,71.6700,71.2100,70.7700,70.9800,71.0800,70.7400,71.1900,71.1750,71.1100,71.2300,71.1800,71.2100,70.6800,70.3300,69.8400,68.7100,68.6900,68.4100,68.9600,68.7100,68.4500,68.0000,67.9400,68.1300,67.7500,68.2500,68.6600,69.4200,70.2700,70.3700,70.3700,70.7900,71.1700,71.1600,71.4100,71.5300,71.5400,71.3500,70.8700,70.3350,69.7450,70.0200,69.9250,69.8400,69.8850,69.9000,69.8400,69.5050,69.0050,68.9200
105.2500,105.9100,106.2500,106.6400,106.3700,106.4900,105.9600,105.9950,106.0900,107.0150,106.3000,108.1200,110.1200,108.1100,108.9800,108.9550,109.0300,108.5000,107.0300,107.0400,108.2500,108.1500,108.4600,107.4500,108.4185,107.0700,104.4300,104.2800,104.3300,104.6400,104.7300,104.5800,104.7500,104.7400,104.1400,104.1350,104.3600,104.1500,103.4900,103.8500,103.6600,103.9100,103.6700,103.2300,103.1300,103.9200,104.0500,103.8400,104.2500,104.2200,104.3000,104.3300,103.8600,103.7000,103.8700,103.9700,104.0600,104.1000,104.0100,103.9700,104.1650,104.2600,104.0300,104.2800,103.7400,102.0300,102.1600,101.7550,102.9300,102.7400,102.4300,101.7950,101.4450,101.0000,101.4800,101.8200,104.3570,104.6800,105.2500,106.4500,106.3000,105.8600,106.1300,105.9400,106.3700,106.1400,106.4400,106.4100,106.2400,106.4100,105.8700,106.1700,106.5200,106.4100,106.4000,106.3200,106.1380,106.1100,105.9650,105.7700
497.2600,499.4400,499.1400,499.0000,497.5000,497.3900,498.0100,495.6900,495.9400,497.3100,496.2600,498.1800,500.6250,508.4300,508.0900,506.8600,506.3400,509.9700,513.0300,514.5450,513.0550,514.2500,512.9100,510.9100,511.4600,512.2100,508.5400,505.1900,505.3700,505.3500,504.9100,502.2400,501.6700,500.9200,500.0600,498.3800,497.3100,498.1400,498.9100,499.3200,500.4200,503.1300,501.1518,499.0800,502.0450,503.9600,507.0500,506.7300,505.4900,506.3200,504.9900,503.0400,495.9700,496.2625,496.5400,496.9250,500.1000,500.6500,500.2000,498.6100,498.9900,496.6800,495.8600,495.1606,494.1600,491.5800,491.5200,490.6600,493.5600,493.8300,491.8600,489.0300,488.1750,489.4000,489.6600,490.3100,491.9650,495.9500,498.8700,498.8500,500.4500,501.1600,504.3400,503.8600,504.9250,505.1100,504.8300,501.9700,501.2900,499.1400,497.6000,499.6300,493.7050,487.6400,490.3700,492.4200,490.0000,490.5200,486.7550,488.4900
38.0800,38.4350,38.3800,38.4150,38.1600,38.1750,38.3000,38.2050,38.2000,38.2780,37.9700,38.4950,38.4400,38.2200,38.2000,38.1350,38.0800,38.0900,37.9550,37.9200,37.8700,37.9350,37.9100,37.6500,37.8800,38.0300,37.1600,37.0500,37.0500,36.9900,37.1199,36.6150,36.5700,36.5900,36.5200,36.3950,36.3400,36.3450,36.2900,36.0800,36.1400,36.3900,36.2600,36.1300,36.2300,36.2600,36.4605,36.3000,36.2800,36.2100,36.3250,36.0500,35.7100,35.8450,35.8900,35.8850,35.9400,36.0650,36.0200,36.1399,36.2500,35.9623,35.8800,35.8890,35.9300,35.7900,35.7750,35.6500,35.9190,35.8700,35.9850,35.9400,35.7850,35.8200,35.8000,36.2600,36.3076,36.6300,37.2000,37.2200,37.2600,37.4600,37.6400,37.4900,37.8300,37.6400,37.9400,37.9900,38.0000,37.6950,37.6400,38.0800,37.8500,37.7900,37.7500,37.8400,37.9000,37.9350,37.8350,37.9500
304.8700,306.6100,307.5300,308.2700,307.6058,307.5900,306.9100,306.6900,307.5400,308.7250,308.7300,310.4700,310.6000,308.6900,308.9700,308.9000,308.5550,307.6800,308.8700,309.2500,309.2385,309.0500,309.7316,309.5100,310.7100,312.1600,310.5400,308.9950,308.5650,308.0100,308.4500,307.0500,307.3000,307.9400,307.2400,306.2800,306.4900,307.5700,306.1000,305.4100,306.5500,307.8300,307.0750,306.3900,306.6650,307.6500,307.3364,306.4500,307.2000,308.0500,308.4650,308.5900,309.4500,309.5550,310.7500,308.9800,309.1200,308.5700,307.3100,307.5000,306.8900,306.4550,304.6500,304.4500,303.4500,301.4800,302.9400,302.0800,304.1200,303.6600,302.5000,302.4700,301.1400,301.8600,299.6700,304.0400,306.6400,307.4700,311.8200,314.0000,314.1000,314.6800,315.6600,315.3400,315.8000,315.3200,315.4200,315.0000,315.1700,316.5100,316.0800,317.9000,316.2308,315.1100,315.5200,316.5500,316.5000,316.8700,316.4900,317.3400
80.6700,80.8700,80.7100,80.7400,80.5200,80.2200,79.8100,79.8100,79.6800,79.6500,79.3000,80.1400,80.0800,76.1400,75.8100,75.7900,75.9000,75.9700,75.9000,76.0500,75.9750,75.7200,75.5000,74.5200,74.2500,74.1100,73.8400,74.0100,73.6500,73.3100,72.9800,72.5800,72.2100,72.2075,71.6200,71.2200,70.9100,70.2200,69.8300,68.8100,68.7400,69.0700,68.4900,68.4100,68.8400,69.2500,69.2750,68.9600,69.1000,68.9500,68.7800,68.8100,68.0600,68.2600,68.2400,68.0100,67.9500,68.0450,67.6100,67.3453,67.0700,66.8600,66.9600,66.8000,66.7500,66.2600,66.3800,66.1850,66.8800,66.5600,66.7300,66.1400,66.2300,66.1600,66.0650,66.5700,66.4200,66.9700,68.6300,68.5100,68.2500,68.4600,68.8500,69.2900,70.2500,70.3500,69.9400,69.2850,69.8600,70.1000,70.3700,72.0800,72.1500,72.3000,72.3500,72.3400,72.6050,72.6950,72.3800,72.3400
42.4800,42.8400,42.8300,42.8950,42.9150,43.0200,43.1400,42.8900,42.9150,42.8300,42.6800,43.1135,43.1350,43.0700,43.0995,43.0600,42.8400,42.7000,42.7050,42.7950,42.8450,42.8900,42.9381,42.9400,42.9700,42.9050,42.5100,42.4534,42.2750,42.1300,42.1500,41.9550,42.0000,42.0000,41.9200,41.8550,41.7900,41.8050,41.8100,41.6000,41.7000,41.9800,41.7500,41.7000,41.6595,41.9900,42.2700,42.1900,42.3500,42.4800,42.3700,42.1250,41.7500,41.7150,41.6400,41.5451,41.5900,41.6150,41.6200,41.7000,41.5700,41.4250,41.2600,41.4500,41.2600,40.5900,40.9299,40.7700,40.9500,40.7900,40.9700,40.7600,40.6250,40.7800,40.6200,40.8200,41.0950,41.4000,42.5300,42.7550,42.5350,42.7900,43.1800,43.0250,43.2850,42.8990,42.8600,42.8486,42.8700,42.4550,42.2300,42.4800,42.0850,42.1900,42.0600,42.0469,41.9750,41.9994,41.8954,41.9150
607.8400,614.7800,616.0400,616.5800,616.0500,615.1700,615.8800,613.4000,615.5300,613.6500,615.9100,617.8400,620.4400,617.7900,611.4550,616.1000,615.8000,615.1700,619.6700,618.1800,619.1150,615.7200,604.0000,598.0300,596.0700,599.0200,593.0300,593.5900,591.3800,588.2400,584.8900,580.0350,585.8600,587.6850,586.5600,583.4400,580.0800,579.0000,588.6400,588.2900,588.6700,591.0600,587.4995,585.9700,589.1600,589.3500,589.9250,586.9800,595.4500,598.6400,591.2000,588.1100,580.5500,578.8400,579.0800,577.2750,574.0500,572.3600,573.7600,573.7600,570.5950,573.4900,577.1500,577.9000,578.8900,564.0100,564.0000,564.7600,574.0050,569.8700,572.6000,566.4100,570.2900,562.5300,567.1800,568.0700,580.3150,582.3100,603.8300,611.8200,606.2200,615.5300,620.0300,618.8200,621.5200,617.3950,618.6800,609.5500,614.7200,617.6500,613.8100,635.5900,634.5194,639.2300,638.6800,639.6700,633.7800,627.9800,634.1700,640.7900
66.8800,66.7800,66.7100,66.9050,66.7000,66.6900,66.6500,66.5600,66.5000,66.4600,65.9400,66.8900,67.2000,66.4100,66.3500,66.5000,66.3300,66.0400,65.8600,65.9900,65.9400,66.1500,65.5650,65.3400,65.5450,65.6000,63.8700,63.5800,63.2500,63.0700,62.8600,62.7900,62.8700,62.7500,62.3600,62.1500,62.0950,61.9350,61.5200,61.4200,61.5300,61.9000,61.8750,61.8500,61.7400,61.9100,62.5500,63.0300,63.1700,63.3100,63.0900,63.1300,60.7800,60.5700,60.5900,60.7400,60.2600,60.2100,60.3400,60.2600,59.9500,59.5600,59.5900,59.8100,60.0000,59.5300,59.6000,59.5800,60.1000,59.9400,59.9700,59.7300,59.4700,59.4700,59.3800,59.5100,59.5500,59.4500,61.0200,60.8600,60.4300,60.7400,61.4800,61.4800,61.8100,61.9397,62.1200,62.1300,62.1300,61.4500,61.8700,62.7800,62.6700,62.4700,62.3900,62.6000,62.6600,62.5800,62.0700,62.3000
218.1700,219.9450,218.8200,219.0800,218.7100,218.8000,217.9800,216.9582,216.5400,215.7900,214.8000,219.8300,220.6200,212.5200,212.2000,211.4700,210.5600,210.1900,210.0800,209.3200,207.9500,208.1500,207.8500,207.2800,206.5300,205.8500,200.1800,202.6303,201.0100,200.6200,200.8400,199.4600,199.0700,198.7900,198.5100,198.5550,198.8100,200.2200,200.4800,199.3500,199.7600,201.0900,200.4800,200.5200,200.4829,201.6000,203.2100,202.9400,202.6400,202.8900,201.3500,200.8300,197.4500,197.3500,197.5700,197.0000,196.9700,197.2150,196.8600,196.8100,196.2750,195.1100,194.3300,194.7200,193.9100,190.9900,189.7800,189.5800,190.5200,189.7100,189.6400,189.2900,188.4350,189.1800,188.5950,189.4100,191.4200,190.4500,193.9700,194.4350,193.5000,193.6650,195.6500,197.3850,199.5400,199.9700,200.0800,198.7550,199.3700,199.2500,200.3700,204.1300,202.3000,201.7449,201.5400,203.2000,203.6200,203.5800,201.9300,202.3600
56.5400,57.1200,57.0200,57.1800,57.0700,57.2600,57.0400,56.8300,57.0050,56.8200,56.7500,57.1700,57.3600,56.0500,55.8700,55.7700,55.5794,55.5600,55.5000,55.7400,55.6000,55.3300,55.4141,54.9500,55.4700,55.1900,53.8100,53.9200,53.4100,53.3050,53.1500,52.8150,52.7000,52.7600,52.5800,52.7110,52.4500,52.5200,52.6200,52.6500,52.9300,53.2200,52.8500,52.7100,52.9200,53.0100,53.5200,53.2800,53.4350,53.5650,53.3700,53.0600,52.2500,52.0700,51.9000,51.8500,51.8200,52.0500,51.8500,51.9500,51.8500,51.7600,51.6700,51.8850,51.6400,51.1000,51.2500,51.1400,51.4200,51.3300,51.3000,51.2800,51.3500,51.2600,51.3600,51.6000,52.1100,52.4600,52.5400,52.6200,52.4400,52.5100,53.0100,52.7410,52.9200,53.0000,53.3000,52.8000,52.7200,52.5800,52.8500,53.8300,53.2700,53.1400,53.2200,53.3900,53.4500,53.3700,53.2600,53.0700
141.1900,141.9000,142.0700,142.7050,142.0700,142.2700,142.4500,141.8250,141.3600,141.9857,141.4900,141.8950,144.1800,147.4800,148.2850,147.6700,147.6650,147.1000,147.4500,147.2200,147.2000,147.8500,148.0800,147.3900,147.3000,147.8900,146.1000,145.4800,144.7900,144.1500,144.9100,143.8500,144.1500,144.0750,144.1100,143.6200,142.6300,144.3450,143.2000,141.4800,141.6400,142.9300,142.4400,142.6100,142.4100,143.7000,141.7400,142.8100,141.7500,142.7100,140.9900,140.6500,151.5400,150.9200,151.3500,150.9400,150.1300,150.1190,150.0200,149.8700,149.6300,148.9300,148.8000,150.1530,148.2600,146.8800,147.6400,146.8800,149.1900,148.5400,148.3100,146.7700,146.7420,147.0300,146.5600,145.6000,148.1000,149.5800,150.6600,150.9400,150.5200,150.8900,151.6000,151.5400,152.0000,151.8078,151.5600,151.2600,151.3200,150.9500,150.6400,150.4600,150.0400,149.8800,149.8600,150.1100,149.7700,149.0600,148.8150,148.1600
80.7900,81.1900,81.0700,81.0900,80.5300,80.4700,79.8800,80.1300,80.4700,81.0300,80.6000,81.6350,82.1400,80.2800,80.3400,80.3600,80.7200,80.9800,81.4900,81.4300,80.9500,79.9550,79.0100,78.5700,78.1600,77.8700,74.5400,75.3900,75.4600,75.3200,75.6400,75.4000,75.2300,75.3300,75.1100,75.0150,75.0000,74.3900,74.6600,74.9200,75.3100,75.6900,75.2550,74.9900,75.1300,74.6100,75.4900,75.4500,75.7774,76.0000,75.6550,75.5000,77.2200,77.7850,77.8200,77.8500,78.1200,78.1900,77.8400,78.3100,78.0600,77.8000,77.8100,78.0500,77.9800,77.7800,77.7600,77.7550,78.4650,78.2200,78.0900,77.4700,77.1000,76.7300,76.8500,77.0900,77.1800,77.2000,79.2000,79.4900,79.3300,79.7000,80.2700,79.9032,80.4250,80.4661,80.6500,80.6200,80.2400,79.8887,79.9600,81.7400,81.0400,80.4800,80.7600,80.7950,80.4200,80.1600,79.9150,79.4600
111.3500,111.7450,111.7500,112.1900,112.3400,112.5500,112.8000,113.2046,113.4400,113.7750,113.6800,113.6600,114.2000,116.0400,116.0650,116.4300,116.5700,116.4900,116.6300,116.6200,117.1400,116.8000,116.9550,115.4900,115.7200,116.3900,116.2800,116.4150,116.1500,115.8050,115.7700,115.2600,115.7400,116.0500,115.9500,114.4100,114.7800,114.9000,114.4200,114.4700,114.2200,114.6400,114.4600,113.9800,114.5250,115.3900,116.0000,115.5800,116.4800,116.3600,115.5000,114.6000,114.5700,114.4700,114.3800,114.2500,113.9800,113.9506,113.4100,113.2800,113.2400,112.8800,112.0200,112.5800,112.6400,113.4300,113.9850,113.8500,114.7950,114.1400,113.8100,113.0600,112.3900,112.9300,112.7300,113.3400,115.2938,115.7900,115.4200,115.9200,115.7466,115.5700,115.9000,115.8350,116.3000,116.1095,116.1600,115.6950,115.8850,115.0114,115.1000,115.1700,114.2500,114.1100,114.4900,113.7500,113.8700,114.0100,113.2050,112.9200
39.0600,39.2900,39.2600,39.4550,39.2500,39.3800,39.2800,39.1650,39.1400,39.2450,39.1300,39.0800,39.4700,39.6300,39.7800,39.8300,39.7750,39.7900,39.8093,39.9600,39.9050,40.0000,39.9850,39.8100,39.8400,40.1100,39.3400,39.2950,39.3900,39.3400,39.1900,39.1500,39.1600,39.0600,38.7600,39.0900,38.8300,38.8600,38.3829,37.9200,37.8300,37.8800,37.8450,37.8000,37.9650,38.1500,38.4200,38.5300,38.6900,38.7400,38.7350,38.5100,38.2400,38.4000,38.3850,38.3150,38.3600,38.3350,38.3300,38.3250,38.2200,38.2900,38.1700,38.3300,38.2500,37.6700,37.7700,37.5500,37.8400,37.6800,37.7800,37.6500,37.5000,37.5200,37.7400,37.7200,38.1800,37.8400,37.6300,37.8650,37.7500,37.9150,38.1500,38.0250,38.1650,37.9950,38.2500,38.2150,38.1950,38.0200,37.6200,37.4600,37.1500,37.1000,37.2600,37.2500,37.1150,37.2200,37.0900,37.1900
37.8400,38.0435,38.0100,37.9670,37.8000,37.7700,37.7500,37.6950,37.8800,38.0900,37.9500,38.5900,38.6900,37.8300,37.8200,37.7500,37.6500,37.6500,37.6150,37.6900,37.7000,37.7500,37.4150,37.4000,37.3000,37.1100,36.6000,36.8050,36.5750,36.4200,36.4100,36.3550,36.1600,36.1200,35.9600,36.0100,36.1300,36.2850,36.1800,36.3200,36.4800,36.5500,36.4300,36.2300,36.2200,36.1800,36.5900,36.4600,36.6050,36.8500,36.9900,37.0000,37.2000,37.2300,37.2100,37.1000,37.1400,37.1950,37.1100,37.1700,37.1500,37.0500,36.6700,36.5400,36.2200,35.7400,35.5800,35.3700,35.7400,35.5800,35.5200,35.6800,35.6500,35.9000,35.9100,36.0900,36.3259,36.5100,37.0800,37.2700,37.0500,37.1600,37.4600,37.4050,37.6800,37.5450,37.7400,37.4200,37.4900,37.4300,37.7100,38.4400,38.0150,37.8000,37.8100,37.9600,38.0400,38.3300,38.0400,38.0800
71.8200,71.9800,71.8800,72.1000,71.4800,71.7400,71.5100,71.1900,71.4200,71.6000,70.2200,71.6000,72.4750,69.1500,69.0800,69.2400,68.5800,68.8600,68.8450,69.3500,68.9400,68.5100,68.2729,67.6700,67.2900,67.2400,66.5600,67.0750,67.1100,66.0500,65.7700,64.9150,64.2700,63.7400,63.8900,63.8150,64.4700,63.9400,64.3000,63.3800,63.5900,63.6600,63.7445,63.1600,64.3200,64.9300,65.6300,65.8000,65.8300,66.1799,65.8875,65.1500,61.3900,61.5700,61.2450,61.0900,62.1100,62.8100,62.5700,62.6400,62.7200,62.7300,62.4250,62.0300,61.6000,57.3000,57.5400,57.1000,57.1300,56.3700,56.5700,55.7800,55.9170,55.9300,55.5100,56.0900,57.4700,57.6900,59.9600,60.2800,60.0200,60.1450,61.1200,61.0955,61.3900,61.4100,61.9700,61.7100,61.9600,61.7900,62.4500,63.1900,62.3102,62.2400,62.2100,62.7400,63.0500,62.7100,62.2000,62.0800
36.9600,37.1650,37.0800,37.2000,37.0900,37.1198,37.1300,36.8600,36.8900,37.0700,37.0100,37.6100,37.6200,36.8500,36.9450,36.9900,36.9000,36.9300,36.8850,36.8900,36.8000,36.7900,36.7000,36.6500,36.6100,36.5200,36.0300,35.9500,35.7200,35.5600,35.3500,35.1000,35.0800,35.0550,34.9100,35.0600,35.0000,35.1734,34.9500,34.9200,34.9600,35.1400,35.0050,35.0900,35.0750,35.1500,35.3400,35.3000,35.4050,35.2800,35.1650,35.0000,34.8000,34.9000,34.7500,34.6350,34.7000,34.6450,34.6000,34.7600,34.6500,34.6490,34.6000,34.6200,34.5000,34.2200,34.2100,34.1700,34.4200,34.3900,34.4350,34.3400,34.2600,34.5500,34.4800,34.5500,34.5400,34.6400,34.9000,35.0200,34.9700,35.2200,35.5300,35.3550,35.4050,35.4900,35.6000,35.6500,35.5400,35.4900,35.5100,35.9300,35.7350,35.6300,35.6200,35.7900,35.6100,35.6200,35.6300,35.7500
182.8700,184.0700,184.2900,184.5050,184.9300,184.3800,184.5700,184.9500,184.9791,185.8900,184.6100,185.4463,187.5800,187.5000,188.6650,188.0800,187.9200,187.8900,188.1880,189.3100,189.4450,190.5700,192.1400,192.6400,192.9900,192.8800,190.1100,189.3700,189.6200,188.5100,185.7300,185.2501,185.0500,185.1100,184.3400,184.7200,183.7800,183.3200,180.9865,185.1600,184.8600,186.0200,184.8900,183.7800,184.0400,185.1400,186.4800,185.5700,185.7500,185.6700,184.8700,185.6600,182.2800,184.1700,184.0400,183.8400,183.9600,184.0900,183.3200,181.4800,182.0000,181.6800,182.1100,180.4800,179.8900,171.1300,172.2300,171.4700,172.2400,171.5200,171.9250,170.5400,170.7550,170.4200,169.4200,169.7600,172.3101,172.5300,178.2500,178.9116,178.5450,177.9600,180.0700,179.1500,179.0600,179.4515,180.2100,180.0000,179.9400,178.7000,178.0100,179.2600,178.1950,177.7900,177.4700,177.7000,177.4700,178.7900,178.6400,179.5100
99.7700,100.8150,100.7000,101.0150,100.7600,100.3000,99.9900,99.5200,99.8350,99.6400,99.0700,100.0600,100.0200,99.2000,98.3300,98.2000,97.9900,98.0500,97.9050,98.2400,97.8600,97.9600,97.4662,96.8800,96.8700,96.8500,96.3100,96.2600,96.2700,95.7040,95.6500,95.0800,95.2400,95.3100,94.5900,94.2800,94.6100,94.5100,93.6800,94.6200,94.7500,95.4900,94.7300,94.2100,94.6400,95.0900,95.6300,95.4900,96.0400,96.2800,95.9400,95.8000,95.4100,95.1300,95.1500,94.5350,94.6500,94.7350,94.3650,94.2900,94.2300,94.1100,93.8200,93.4700,93.7200,91.9500,92.3000,92.1300,92.8750,92.8600,93.2700,92.0800,91.9100,92.5900,92.2400,92.7300,94.4400,94.7900,97.2400,97.1900,97.0700,97.5400,98.4200,98.3000,98.6000,98.8600,99.3200,99.2650,98.5700,97.8300,97.4500,100.6200,100.0100,99.4100,99.3900,99.6900,99.5900,99.8800,99.5700,99.3900
26.9600,27.3950,27.5200,27.6000,27.5700,27.5900,27.5500,27.3900,27.3400,27.0500,26.5400,26.8400,27.0600,26.0100,26.1650,26.1600,26.0800,25.9500,25.8800,25.9500,25.9500,25.7200,25.6300,25.4400,25.2200,24.9800,24.5400,24.5600,24.6300,24.4000,24.4200,24.3000,24.3300,24.3700,24.4500,24.4550,24.4400,24.3400,24.3000,24.4600,24.5600,24.9600,24.8600,24.6900,24.7700,24.6000,25.0000,24.8000,24.7800,24.9600,24.8919,24.2900,24.5900,24.7300,24.7899,24.7900,24.8300,24.9900,25.1100,25.3200,25.3600,25.3400,25.2500,25.3400,25.5100,25.1000,25.0600,25.0200,25.1000,25.0400,25.1600,25.0400,24.9400,24.9800,24.9114,25.1800,25.3510,25.3500,25.7000,25.6500,25.7490,25.9600,26.2100,26.2300,26.1600,26.2300,26.2500,26.1200,26.0700,25.7600,25.6200,26.2200,26.0090,25.7900,25.7550,25.9200,25.9850,26.0900,25.8000,25.8000
78.6700,79.1150,79.3100,79.3900,79.5500,79.3043,79.3300,78.6754,78.4400,78.5350,78.5600,78.7200,78.9600,79.9000,79.7600,79.5900,79.5353,79.1200,78.8150,78.8000,79.2600,79.6400,79.1800,78.6900,78.7188,78.8700,79.6400,79.2550,79.7100,79.1600,79.3000,77.8200,77.9700,77.6100,77.1000,76.6650,76.7300,76.9100,77.2300,77.8000,78.0050,78.3200,78.3906,77.2800,75.9000,77.3100,83.3900,82.7100,83.3134,83.9400,83.1500,82.2100,81.3200,81.0800,81.1300,81.0400,80.9100,80.2700,80.0600,80.1700,80.1500,79.9350,79.3800,79.0900,79.2600,78.4900,79.0700,78.7900,79.3750,79.6900,79.3750,79.2200,79.0756,79.2200,79.4850,80.3000,81.2900,81.7200,81.2700,81.2500,81.4400,81.8850,82.5500,83.0344,82.7300,83.0700,82.9700,83.4800,83.3000,83.8600,84.3500,83.9900,82.2900,81.6900,81.9233,82.3300,82.4097,82.6600,82.7200,82.4600
1233.7100,1242.8101,1244.6300,1249.0100,1243.8300,1246.0601,1246.6300,1247.2000,1251.8000,1256.8175,1255.3400,1260.0800,1267.1550,1275.9700,1274.6500,1275.6300,1274.5200,1274.9100,1273.7600,1278.6000,1277.0000,1280.1300,1285.1150,1283.3300,1285.3354,1281.1000,1279.3500,1274.1801,1274.0100,1272.2800,1270.6949,1266.7900,1261.7800,1260.6899,1257.1000,1256.9200,1257.5900,1259.5800,1250.4399,1276.3600,1275.0000,1282.9900,1275.7200,1271.2600,1274.7050,1281.4400,1286.6500,1279.5100,1285.9900,1287.8000,1288.4900,1282.2000,1262.6400,1278.1300,1283.9301,1278.4600,1276.1600,1272.9580,1264.4500,1258.8000,1259.0400,1262.2300,1265.3800,1261.4000,1257.2500,1219.2600,1224.0400,1220.6500,1230.6050,1225.0942,1227.0323,1219.4300,1220.7700,1223.4400,1217.4000,1214.6300,1233.0601,1232.5400,1267.6900,1267.5100,1264.3986,1268.0000,1276.8700,1269.4700,1273.5400,1274.8000,1279.1000,1273.1803,1272.0825,1268.0900,1265.4900,1283.3300,1280.5100,1277.9700,1278.2000,1279.0100,1276.0100,1281.7000,1279.4386,1282.8800
264.2500,267.0300,266.9100,267.2400,266.0000,266.1050,265.7700,265.8100,266.0600,266.6650,265.3900,268.1600,270.2700,275.9600,278.3700,277.4200,276.5000,276.5100,276.4600,276.9300,276.6700,275.4600,274.3700,272.4600,272.0915,272.3800,271.8100,272.7500,272.7900,273.2700,273.0900,271.5350,271.3000,271.9150,270.7900,270.9350,271.1600,272.2400,269.5500,268.4300,269.0750,271.2200,269.3050,269.3800,270.3050,270.5300,272.5650,272.6400,274.0100,272.7350,270.2000,268.5500,267.9500,268.6500,269.1400,269.0082,267.7200,266.7000,266.5400,267.8850,266.4900,265.1800,264.9300,263.4400,264.3600,259.2900,256.8950,258.4600,261.8800,260.8600,259.7100,259.2600,258.4900,260.0200,259.1400,261.4400,261.0500,261.8600,267.3500,268.0000,267.1400,267.1500,269.4600,269.9300,272.4400,270.7600,269.0200,268.2600,265.0100,264.9700,262.2600,265.1700,264.7300,263.9100,264.2050,263.7100,263.0850,262.7900,262.5650,262.0600
313.8800,314.0200,313.6000,313.3850,312.8500,311.2900,310.0000,307.8000,305.7500,306.3650,305.0000,307.0300,310.7650,314.7700,315.9100,316.1000,315.6700,316.1250,315.7800,318.1200,317.3900,316.8500,316.3700,313.4000,313.4300,312.1200,309.0700,310.2000,309.7600,310.0000,310.2800,309.5300,309.4400,308.4700,307.3800,306.0700,307.5200,306.6100,307.5400,312.7200,313.6200,316.5900,315.3300,314.1700,315.7950,316.5300,319.2500,316.9600,319.4900,318.7700,318.0000,314.5500,311.1800,311.9900,312.3100,311.0500,310.5200,311.3300,310.0800,310.6200,309.7000,310.2100,309.4300,310.0770,310.4600,310.7000,312.2750,310.9000,313.0900,313.0800,314.2800,312.5300,312.1500,313.4400,313.1200,311.6600,314.0300,313.2300,322.9100,324.0500,322.4506,322.9000,323.1900,324.3080,324.2600,322.9900,322.3500,321.2200,322.1800,317.9400,314.3400,316.5100,311.8900,310.2500,311.6550,310.9200,309.8700,309.6800,308.8700,307.6700
97.6600,98.2000,97.6200,97.5400,97.8900,97.8600,98.0200,97.4300,97.3300,98.1902,98.0600,98.0250,99.8100,102.9900,103.5700,103.6200,103.4250,102.8600,103.1200,103.2900,103.6050,103.7100,103.6100,104.1100,103.5700,104.2750,103.4900,103.9500,103.6600,102.8500,102.9300,102.1000,101.8900,101.8600,101.8200,101.7601,102.3000,102.3100,102.4900,101.9100,101.9600,102.0300,101.9300,101.8700,102.0800,102.1800,103.2400,102.9900,103.5250,103.5200,103.5900,101.6850,101.0000,101.7900,101.4200,101.1200,101.0100,101.1800,101.0600,101.0700,100.8500,100.9500,100.0300,99.9900,99.8500,99.5800,99.3100,98.9900,99.3010,99.0150,98.5000,98.3600,98.7800,99.3300,98.3600,98.9900,99.1800,100.2000,101.2500,100.8100,100.6900,101.1600,102.1200,101.4300,101.3600,101.5825,101.1800,100.9999,100.4300,100.4100,99.8300,100.0400,99.0400,99.0900,98.8450,98.8500,98.7050,98.8000,98.9450,98.0750
58.7300,59.3600,59.2200,59.5800,59.0900,58.9150,58.9300,58.5599,58.4600,58.4200,58.6200,59.3200,59.6800,59.4800,59.2782,59.2900,58.9500,58.9900,58.8650,59.1100,58.7500,59.0100,58.8500,58.4200,58.8700,59.1900,59.2600,59.0150,58.6100,58.8450,59.0500,58.1600,58.1500,58.5300,58.2700,57.9100,57.5300,57.2550,57.0300,59.0900,59.3300,59.8500,59.6300,59.1900,59.2200,59.5300,59.8255,59.7900,60.0100,59.9800,59.6800,59.3800,60.1000,60.3000,60.1200,60.0000,59.8000,59.6900,59.2500,59.0900,58.9900,59.0400,59.0600,59.1000,59.0600,56.3800,56.7500,56.6000,57.2084,57.1900,56.8450,56.5800,56.3850,56.5000,56.0350,56.4200,57.8490,57.9200,59.1700,59.3400,59.2450,59.4950,59.8500,59.7600,59.9799,59.7150,59.7100,59.7300,59.7600,59.6399,59.2500,60.3500,60.2400,60.1200,60.0732,60.1400,60.2100,60.3800,60.4200,60.5650
266.2700,269.4400,269.5000,270.7700,270.5900,269.2100,268.9900,268.6100,269.2200,268.7700,267.2400,270.1100,273.0100,271.8600,272.0400,271.7900,270.7600,271.1600,270.9550,271.0600,270.4450,270.3300,268.5200,268.1500,267.8300,266.6900,263.6600,262.8200,261.8500,261.1300,261.7300,260.4450,261.5400,263.0000,261.0700,259.5300,259.6000,258.4850,257.9700,258.0700,259.8000,263.1000,262.4400,262.3800,262.6900,265.0900,267.3400,266.2400,266.0600,266.1450,264.6910,265.5000,263.8700,263.0450,262.3900,261.4200,261.5100,261.4400,260.5800,260.1500,259.7700,259.4600,257.4250,259.1511,258.0000,249.8700,251.0500,250.7200,252.6900,251.5400,250.7700,248.7300,248.3950,251.0200,250.4750,252.3700,257.4300,258.4000,264.0600,264.9900,263.4000,263.2100,265.1200,265.4746,266.5200,266.2277,266.7400,266.2900,265.0000,262.0500,262.7100,265.3500,264.0700,262.5900,261.8700,262.3500,261.6000,260.4200,261.1550,262.4300
503.4800,503.0700,503.5200,504.5700,504.4100,504.3300,505.4000,504.5400,505.0200,503.9100,504.5800,511.5400,514.3900,518.0100,518.3132,517.9200,517.3300,516.7000,516.6700,519.3500,518.6750,518.7200,517.8540,514.0800,517.0850,519.9500,514.9600,515.4600,515.8600,514.3600,513.5000,510.1700,511.9200,512.2800,510.8400,510.8200,510.2200,512.5000,515.1500,512.4600,515.5300,518.4600,517.5000,517.6900,517.2600,517.0700,518.4300,516.9300,517.4350,518.9400,519.3100,518.0800,512.1300,510.0300,510.1300,511.2700,513.1100,513.4700,511.4300,509.5950,508.5950,509.0900,506.8400,505.0600,504.2900,498.0400,496.9500,494.4800,495.5500,492.0100,494.0800,492.8400,490.0400,494.0400,489.4900,495.4500,501.6300,507.1100,517.7900,522.1750,523.6550,520.5650,524.6800,524.6650,528.8100,527.8050,528.9200,525.4100,524.0000,520.9700,521.9600,526.4700,517.9700,519.1000,519.9800,519.7200,520.4800,517.4500,514.9100,513.5600
43.5800,43.6500,43.6300,43.8850,43.6900,43.7600,44.0600,43.7250,43.8400,43.7763,43.9100,44.1300,44.7700,45.5800,45.5700,45.6100,45.5200,45.4400,45.4200,45.5600,45.6300,45.6900,45.7750,45.4500,45.4200,45.2300,45.0500,44.5100,44.6900,44.9100,45.0500,44.8300,45.0400,44.9619,44.7000,44.9200,45.2000,45.1400,45.1100,44.9400,45.0750,45.0500,45.0900,44.7700,44.9799,45.1500,45.2500,44.8800,44.7700,44.8900,45.0350,45.4200,44.9700,45.1600,45.0900,45.0550,45.0400,44.8950,44.7950,44.7800,44.7500,44.6300,44.5900,44.3400,44.4400,43.3100,43.5550,42.8900,43.2700,43.0000,42.9000,42.3000,42.1756,42.5000,42.2100,42.8100,44.1022,43.9750,45.1900,45.3500,45.3900,45.4200,45.5150,45.2600,45.5800,45.5500,45.6800,45.6500,45.8600,45.9350,45.2700,46.1800,45.8900,45.8600,45.7800,45.6500,45.8000,46.1000,45.7600,45.5500
30.4300,30.5300,30.6000,30.7000,30.5600,30.5300,30.4400,30.2000,30.1900,30.3700,30.1100,30.3600,30.5200,30.1900,30.1050,30.0400,30.0015,29.9800,30.0100,30.0500,29.8300,29.8500,29.7600,29.7500,29.6400,29.6800,29.2300,29.2400,29.0000,29.0033,29.0000,28.9100,28.8100,28.8800,28.8100,28.8100,28.8400,28.7606,28.8100,28.5400,28.6000,28.7500,28.7100,28.5700,28.6541,28.7900,28.9350,28.7800,28.9550,28.9900,28.8800,28.9300,28.7600,28.8450,28.7600,28.7000,28.6600,28.6850,28.6000,28.6718,28.5700,28.5900,28.6400,28.6301,28.5500,28.5400,28.5600,28.4600,28.5850,28.5300,28.5600,28.5300,28.4000,28.5900,28.5700,28.7823,28.9400,29.0500,29.1700,29.3200,29.2300,29.3600,29.7900,29.6900,29.6716,29.5759,29.6500,29.5985,29.6700,29.5500,29.4900,29.3300,28.9100,28.8700,28.8277,28.9200,28.9800,28.9700,28.8650,28.9100
166.2100,168.2800,167.6900,168.8200,168.8800,168.1100,167.1800,166.4700,167.6100,167.3800,166.5500,169.0900,168.8700,166.0700,164.8700,165.6000,165.2500,165.8900,165.2150,166.2800,166.5200,167.7800,167.2100,164.8000,167.7900,168.8200,164.8200,163.9650,163.4950,163.8950,164.4100,162.3600,162.5100,163.0500,160.1000,159.2900,159.1300,159.1600,158.2000,159.3300,158.7400,159.4300,158.9700,158.7400,159.1800,160.5000,160.6800,159.5300,160.0600,160.1100,158.6200,158.1900,158.6900,157.9400,157.4800,156.7700,156.2000,155.5800,154.9300,154.5600,154.2400,153.9700,153.9100,153.0300,152.5400,148.6200,148.6300,148.5500,150.8400,150.0500,150.1351,148.7700,149.2750,149.4900,148.4700,149.4050,152.9100,153.5900,156.2100,157.0200,156.4000,157.7700,159.0600,159.1400,159.6500,159.3674,159.3400,158.6500,159.1800,159.2300,158.0300,161.2000,160.4400,160.1500,160.2600,160.4600,160.4100,159.8000,158.9300,158.6500
17.6000,17.7000,17.7000,17.7100,17.6500,17.6600,17.6900,17.6200,17.6700,17.7600,17.9200,18.2700,18.2900,18.2200,18.2350,18.2100,18.2050,18.1500,18.1500,18.1200,18.1750,18.0000,17.9400,17.8700,17.8500,17.7200,17.5200,17.5900,17.6100,17.5500,17.5400,17.5000,17.4600,17.5200,17.4800,17.4500,17.4350,17.4100,17.4300,17.3800,17.4050,17.4100,17.4200,17.3000,17.2950,17.3700,17.5000,17.5200,17.5500,17.4200,17.4200,17.4500,17.0700,17.1400,17.1900,17.2100,17.0600,17.0950,16.9900,17.0100,17.0100,16.9900,16.9300,16.9900,17.0400,16.8300,16.8700,16.8700,16.9700,16.9300,16.9700,16.9300,16.9200,17.0000,16.9700,17.0400,17.1400,17.2400,17.3300,17.3550,17.2900,17.3100,17.5000,17.3700,17.4500,17.4100,17.4500,17.3800,17.3400,17.3000,17.2600,17.2900,17.2800,17.2700,17.2800,17.3300,17.2900,17.2400,17.1900,17.1700
261.8500,264.9915,264.6000,267.0000,265.6100,262.9600,262.8300,261.5600,265.1000,263.0300,260.1200,262.7850,266.4000,264.3300,263.3900,263.8400,264.5000,266.2500,267.2250,269.5100,269.2800,271.4400,270.0600,268.7100,270.7960,273.5200,266.6700,265.0950,263.9500,264.4650,265.2800,264.3150,264.6100,264.9800,262.5700,259.8800,261.4400,259.3600,259.5100,264.2500,264.9900,265.8900,265.0400,263.6300,264.8150,266.6300,269.5800,270.0600,273.6800,271.8600,267.8700,267.0200,270.6500,270.2900,269.0300,267.3700,268.1800,267.3600,265.9400,265.1522,265.0700,263.5100,263.7700,263.4800,262.3200,243.6300,245.9700,245.5200,250.8200,249.1800,248.4000,247.2700,248.5500,250.2900,247.7000,251.0100,259.5600,261.3900,266.7500,268.0300,267.3200,269.3450,271.7400,272.4350,274.3800,273.9158,274.1900,273.5900,273.5400,273.1050,271.5000,279.0200,276.7150,275.7900,276.7850,276.9000,275.8800,275.8800,273.3200,272.6100
224.5900,225.9600,224.5000,225.4900,226.0400,226.0500,226.3350,225.7100,225.1000,225.4700,224.8800,227.8400,229.3900,226.8500,227.2400,227.2200,226.3500,226.6500,227.5900,226.8500,224.4001,223.7600,223.8439,224.2500,221.1750,220.3500,214.5800,215.9899,215.4300,215.0779,215.2700,213.8600,212.6400,215.4699,215.2800,214.1900,215.4300,215.5000,213.6500,211.6600,211.6500,213.3100,212.6650,211.0600,212.6250,214.4000,215.6700,215.1200,216.3300,216.4000,213.4400,212.5100,212.1500,211.2700,211.7600,211.6300,211.4600,211.4700,211.8100,212.4400,211.9100,211.8400,210.8500,212.5100,213.5600,206.9900,207.7042,207.5400,208.9886,209.7100,211.0000,208.5400,208.4800,208.9900,209.0200,210.4700,214.8850,215.3700,218.7100,219.6050,219.9400,219.8400,219.9100,219.5541,219.7900,219.5400,219.5000,219.5700,219.8200,218.5700,220.2800,225.9900,223.5800,222.9700,222.5000,221.1900,220.9500,219.8400,217.5300,218.6800
87.4500,87.7511,87.2200,87.4900,86.6700,86.8300,86.6500,85.9400,86.3900,86.3050,84.7700,87.1371,87.3600,85.2800,85.5400,85.6200,85.8900,86.0000,85.6500,85.9200,85.0500,85.3200,84.2390,84.2700,84.4150,82.5300,80.7100,80.5250,80.7000,80.2400,79.7300,79.0399,79.1900,78.5500,78.9300,79.2400,80.0300,80.0800,80.4400,81.1000,81.4400,81.0200,80.9416,81.0400,81.7400,81.7200,83.0901,83.1400,83.1800,82.6900,82.2100,80.7500,79.9900,79.8050,79.2200,79.1500,79.7100,80.0000,80.2600,80.3829,80.6800,80.2200,80.0600,79.8250,80.2400,79.9100,79.3600,78.8200,79.0200,78.6700,78.8850,78.6100,78.8400,78.4500,78.2500,78.8500,79.1700,78.5900,79.7100,79.8000,79.5300,79.3999,80.8000,81.2500,81.5900,82.2400,82.4000,82.0660,82.1000,81.7000,82.5000,84.2600,82.9850,83.3600,83.1600,83.6600,84.1550,83.9400,83.7800,83.6200
87.3500,88.2100,87.8600,88.3200,87.5000,87.8650,87.8000,87.0600,87.1300,87.4450,86.4700,87.9672,87.9300,84.7500,84.2600,84.0200,83.8200,84.1400,84.1150,84.1600,83.9700,83.9000,84.2400,83.9200,84.0000,83.7500,82.0100,82.0400,81.6500,81.5200,81.2300,80.5464,80.3600,80.3700,79.6600,79.5400,79.7200,79.4800,79.0200,78.8000,79.2300,79.6600,79.1700,78.8800,79.4500,79.6700,80.5200,80.1500,80.7700,80.8400,79.8900,78.8100,79.0300,78.8600,78.7165,78.2200,78.0800,77.9000,77.4700,77.4450,77.4100,77.1250,77.5100,77.4200,77.4700,74.8900,75.0900,75.1800,75.9400,75.7400,75.9400,75.3700,75.8100,75.5000,74.9000,75.2900,76.3500,76.7700,77.7300,77.8400,77.9100,78.2300,79.1500,79.2100,79.5700,79.7250,79.5000,79.6200,79.5500,78.9600,79.3900,80.3000,79.8300,79.3800,79.3300,79.4500,79.7900,79.8300,79.0900,78.6200
51.2200,51.3800,51.3000,51.4650,51.1800,51.1729,51.1800,51.0000,51.2100,51.1450,51.0800,51.4350,51.0700,51.4800,51.3350,51.3900,51.2100,51.2450,51.3950,51.5000,51.4700,51.4100,51.2150,51.2500,51.3800,51.4100,51.4100,51.2000,51.0350,51.1300,51.2200,51.0500,51.1050,51.3000,51.1600,51.1400,51.1700,51.2700,51.1600,51.3300,51.9050,52.2250,52.0250,51.9000,51.8500,51.9900,52.3400,52.2600,52.5250,52.4500,52.3150,52.3900,52.2200,52.2750,52.1450,52.0300,52.1100,52.1330,52.0700,52.1400,52.0900,52.1700,51.9550,51.8500,51.7000,51.1800,51.2800,51.3600,51.7500,51.5600,51.4200,51.4500,51.2000,51.3500,51.4400,51.6200,52.1400,52.6300,53.4900,53.9100,53.8050,54.0350,54.3800,54.2250,54.2693,53.9925,53.9500,53.8900,53.8600,53.4705,53.2200,53.4700,53.1900,53.1000,53.0500,53.2200,53.0950,53.1750,53.0550,53.1900
598.9000,596.3100,594.5700,601.2050,603.5000,603.4204,598.0200,591.0275,594.2900,595.7300,589.2400,597.5000,596.3500,589.5200,590.6300,586.3900,582.9950,581.5800,584.1700,582.2150,580.6900,580.9100,583.9950,577.7600,579.6600,579.1600,570.4100,567.0000,569.6800,569.8750,569.8700,565.4395,560.5700,559.7600,560.0500,560.6050,574.5550,570.7100,574.6600,586.7500,589.4686,593.9300,592.1100,585.0100,593.5000,595.8300,597.8200,596.0102,607.8100,609.0600,608.0800,602.5300,601.0900,600.0000,608.5500,611.1900,607.7100,605.3800,599.5450,605.9700,604.0200,612.5000,600.7700,594.0000,579.5300,573.5700,573.1500,572.7200,577.0663,572.1100,573.5100,573.4700,569.7700,570.6500,565.1000,570.9900,580.1200,583.3100,600.2300,605.0550,606.2900,608.5000,610.3600,608.3450,608.1350,608.2100,612.6700,611.8250,609.8700,607.5837,610.0300,597.3900,599.5500,586.7300,588.0200,589.8750,588.1100,594.6900,593.0300,597.7500
60.1300,60.4250,60.4300,60.6500,60.5400,60.4200,60.2800,60.0700,60.5200,60.3500,60.0000,60.4268,60.5800,60.5300,60.5100,60.4100,60.2800,60.3100,60.1200,60.4200,60.2000,59.9900,59.8100,59.8100,60.2800,59.9800,59.8000,59.6900,59.6150,59.4900,59.4600,59.2800,59.3100,59.4600,59.3200,59.7200,59.8100,59.8300,59.3200,59.6400,59.6700,59.8200,59.8300,59.8700,60.0100,60.1900,60.6200,60.4100,60.7150,60.7700,60.3200,59.9500,60.1200,60.1300,60.0600,59.8700,59.8800,59.8100,59.6700,59.8446,59.6400,59.4200,59.3100,59.3250,59.3900,59.0800,59.1300,58.9000,59.3400,59.1900,59.2100,59.3000,59.3200,59.4000,59.2400,60.0700,60.2900,60.3000,61.3900,61.0100,60.9400,61.4600,61.8700,61.7700,62.0100,61.6200,61.4000,61.5400,61.5100,61.4000,61.3300,62.1900,62.1825,62.2900,62.2600,62.5150,62.4000,62.4400,62.1250,62.2300
169.8000,170.7500,170.8600,171.4361,171.4700,171.3550,171.2600,170.7700,171.1100,171.4600,170.9700,172.3650,174.0100,174.0400,174.3910,174.5000,173.9920,173.6900,173.8400,174.0800,174.2999,175.1500,175.5168,174.3393,175.3601,176.0400,174.5500,173.5200,173.0300,172.8650,173.2100,172.3000,173.4600,172.6400,172.1300,171.5300,171.5700,171.6500,170.9700,171.4400,171.8600,173.1600,172.4900,171.8800,172.2800,172.9300,174.1705,173.5900,174.2950,174.6200,174.3200,174.3600,173.5000,172.9245,173.4500,173.2900,173.2000,172.5850,172.2200,171.9805,172.1000,172.0800,171.5700,171.6100,171.7800,167.8900,169.5100,168.7200,170.5601,170.2100,169.2000,167.3600,167.7500,167.8100,166.7800,166.7000,170.9536,172.2000,175.0000,176.5900,176.0700,176.6900,177.8100,177.3990,177.9100,177.8000,178.4100,178.1100,177.7700,177.8800,176.6900,178.7100,177.1900,176.5100,176.5000,176.7201,176.5800,177.0800,176.2400,176.7000
45.3000,45.8500,45.7800,46.1500,46.0450,45.8850,45.8300,45.7000,45.9400,45.8950,45.6400,46.5700,47.2700,45.2800,45.0900,45.0100,44.7700,44.7300,44.8400,45.0850,44.9800,45.1500,45.0550,44.6100,44.8000,45.1600,44.1500,44.1600,44.1800,44.1000,44.0700,43.7303,43.6700,43.7743,43.4900,43.2600,43.1500,43.0719,43.1800,43.7800,43.8599,44.1700,43.7900,43.6000,43.8300,44.1900,44.5899,44.4000,44.6300,44.2750,44.1700,43.7400,43.9100,43.9950,43.8300,43.8500,43.7000,43.5750,43.4500,43.2227,43.2000,43.1500,43.3300,43.3400,43.5700,41.4300,41.7250,41.6600,42.3050,41.9700,41.9860,41.7500,41.7250,41.4600,41.4200,41.5100,42.0300,42.1900,43.3900,43.5250,43.6200,43.8250,44.4200,44.6100,44.8640,44.7130,44.9500,44.5500,44.8900,44.4950,44.1300,45.7000,45.6202,45.4400,45.4099,45.4700,45.2900,45.2600,44.9800,45.0000
55.0000,55.7550,55.8200,55.9550,55.9500,56.1650,55.9700,55.8900,55.9700,56.0900,55.7000,56.2050,56.1550,55.1500,55.0650,54.7500,54.6200,54.6500,54.7700,54.6500,54.8800,54.8700,54.8000,54.4000,54.0600,54.3600,53.6600,53.7300,53.5000,53.5300,53.4100,53.1400,53.1200,53.3100,53.1600,52.7100,52.9000,52.3300,52.3100,52.4300,52.7500,53.1300,52.8200,52.5800,52.8500,53.0500,53.5500,53.0800,53.3800,53.4450,53.1492,52.4100,52.3600,52.2900,51.8600,51.8400,51.8100,51.5300,51.5700,51.5600,51.5000,51.3900,51.3500,51.3000,51.5700,50.4200,50.5300,50.5300,50.8900,50.6000,50.5200,50.3500,50.2500,50.4400,50.2200,50.3600,50.6300,50.7200,51.8100,51.8450,51.6700,51.8500,52.0700,52.0700,52.4300,52.2498,52.0900,52.3700,52.5900,52.2400,52.0400,53.0800,53.2700,53.2500,52.9100,53.0500,53.0700,53.2400,52.8600,53.0300
403.8000,406.3100,405.3600,406.8400,406.4500,407.7200,408.4000,405.3000,405.6900,407.1800,405.1100,405.7878,411.6300,421.3800,423.1300,422.6800,422.8400,422.7300,424.3900,426.6000,424.2351,426.3000,428.0516,425.5300,425.7450,422.9100,425.0100,424.5000,423.9000,421.9900,421.8200,422.5046,422.8100,422.8700,423.5900,423.3107,423.6300,423.3252,419.1000,426.7200,426.2000,429.7000,428.0000,426.5300,428.7300,432.0600,434.5500,432.0600,433.1200,431.8600,434.7400,436.6700,421.2700,423.5800,424.5600,425.4850,423.4200,421.5151,420.6600,421.6000,424.7800,423.2448,426.2200,423.1566,422.8300,435.3800,440.6300,439.0700,438.5216,433.4800,436.3101,430.7700,429.7947,432.7516,427.2700,428.7100,437.1677,436.8300,437.5400,437.8692,437.3500,437.5330,439.6600,437.8200,438.9600,438.6500,441.7300,441.2771,443.0900,441.1250,434.0900,423.0800,420.3901,417.3400,417.8100,418.9500,419.2000,421.2700,420.5200,419.7700
42.2700,42.3950,42.5800,42.8100,42.7500,42.7700,42.8100,42.7500,43.0500,43.0200,42.6700,42.9050,43.0400,42.6900,43.0200,43.4000,43.3700,43.3100,43.3400,43.4400,43.5000,43.7400,44.0500,43.8600,43.8900,43.6300,43.0600,43.0750,42.8000,42.6600,42.7100,42.5300,42.3400,42.1300,42.2400,42.1600,41.9800,41.8700,41.5900,41.0500,41.0150,41.0100,40.8600,40.8000,40.9500,41.0900,41.3900,40.9400,40.8000,40.2500,40.1700,40.2700,39.6700,39.5200,39.5400,39.4500,39.5200,39.5200,39.3900,39.6050,39.5300,39.6600,39.4500,39.7100,39.6800,39.0500,39.1800,39.0600,39.4000,39.2100,39.5500,39.5200,39.3900,39.5700,39.2600,39.8100,40.0550,40.5400,40.9100,41.1200,40.7925,40.7800,41.3900,41.3400,41.8200,41.6700,41.9300,41.7800,41.8700,41.7329,41.7700,42.1400,41.9300,42.0300,41.8900,41.8050,42.3500,42.1100,42.1550,42.3400
353.3500,351.2500,353.0300,353.2400,353.1800,353.0900,353.3700,352.9700,354.1200,355.8600,356.1000,356.4700,361.1700,359.5900,360.2800,360.5300,358.9550,359.3700,359.1200,360.2700,358.9300,358.6300,358.4195,359.5100,359.0784,361.0000,348.9500,346.7000,346.6900,345.4600,345.5900,344.4600,342.1400,341.8900,342.0300,341.4300,340.9000,342.1750,341.2500,342.8800,343.9375,344.4300,343.0100,340.9200,342.0500,343.4600,342.5600,343.8500,345.2600,347.0200,345.7300,348.9200,348.6300,349.4500,349.0900,349.7250,349.6600,349.8950,348.8200,349.4400,349.7700,348.2350,345.6800,348.7150,348.2600,344.7300,343.5000,342.3500,345.3100,344.4200,343.6700,340.6200,339.0400,340.3100,338.7600,340.8900,343.9990,350.0000,348.8700,349.6000,348.7800,350.3500,352.7500,351.0500,352.1800,352.1450,351.0500,351.3200,350.8500,350.5400,349.2100,349.0200,347.4050,345.5100,345.2500,343.5600,344.8900,345.6200,344.1000,345.6300
291.5500,294.4900,294.6500,296.8700,295.8200,295.2138,294.9800,292.9900,294.6800,294.6000,291.6100,296.3004,298.5400,297.1000,297.0400,297.0800,296.2000,296.0600,296.5200,298.4900,297.7000,299.4900,300.1400,297.4200,300.5772,302.8500,289.6300,288.4100,287.7700,288.3050,288.6500,286.3700,287.0800,288.0258,286.1500,284.8000,284.6800,283.9800,281.5900,284.0300,285.2500,287.1500,285.9700,284.8000,286.2700,287.6700,290.6300,289.6000,291.0500,290.6200,291.7832,289.4300,286.1300,287.2300,287.4892,285.2350,285.5100,283.8200,282.8100,282.6400,283.0100,280.7026,282.1600,281.9500,282.9800,269.5800,272.0000,271.6000,274.8829,273.8000,273.8700,271.5500,269.5100,270.7900,268.8000,268.8000,278.1200,282.2400,286.8600,288.0000,288.4800,289.0100,291.9000,291.1364,292.7000,291.9000,291.7100,291.1662,292.3800,290.4050,286.8100,292.3200,290.0300,288.9100,288.5500,288.3600,288.3000,289.5000,288.9100,289.3400
98.3400,99.9700,100.5900,101.0212,100.7600,100.7550,100.6100,99.2850,101.0100,100.9376,101.2300,102.4900,103.0100,97.1500,96.4450,95.5900,95.4150,95.4800,95.6200,95.6600,95.1350,95.2500,95.9488,95.7200,96.3800,97.2500,94.4300,94.9500,94.4500,94.6950,93.8000,93.0800,92.4300,91.9273,90.9400,90.6700,90.7700,89.9300,89.2690,88.0800,88.3100,88.9000,88.2300,87.9800,88.5850,89.3800,90.1500,88.8900,90.0100,89.6900,88.9572,89.5800,89.0600,88.8100,88.9700,88.1600,88.0100,87.4800,87.0200,86.3800,86.0600,85.8600,86.0700,85.9500,85.9500,81.2500,81.5000,81.8200,83.5100,83.1100,82.9100,82.6300,83.0800,81.4600,81.2000,82.7200,84.0000,84.1400,86.7500,86.8018,86.9500,87.1500,88.2100,88.3300,89.1100,88.9700,89.0600,89.1300,88.7700,88.6150,89.2200,90.1800,89.8300,89.0800,89.2500,89.5800,89.5100,89.6500,89.1400,89.2700
384.7400,387.6100,387.3050,389.1300,386.4900,386.4800,385.5700,386.7650,389.1200,387.7700,390.0100,394.4400,394.5700,389.2500,389.9444,391.4550,391.8800,393.6400,393.0700,391.4800,393.0200,391.7200,391.3100,391.0850,386.3600,389.1100,384.8400,388.3100,389.3900,388.0100,387.6300,386.7600,386.1800,384.8100,383.3500,382.8400,381.5000,381.7550,380.8000,374.5500,367.4600,370.8500,371.7300,373.2200,377.6600,374.0300,378.1334,379.6500,377.0250,389.2400,377.7878,379.3200,367.2300,369.6500,370.0600,369.2100,366.8400,365.2300,366.0700,366.6500,367.2400,362.8400,364.0800,363.8500,363.5100,358.1700,360.5550,360.5600,362.3400,360.6300,363.6700,361.0500,362.9700,364.4500,363.2900,364.5800,368.0000,371.6500,374.0500,375.0300,371.8750,372.7150,374.0300,372.1600,374.4800,373.0500,373.9800,371.5600,370.6600,367.4300,368.0400,373.8600,369.2600,368.6900,370.0000,368.4900,366.6200,366.7300,367.2500,367.9000
68.6700,69.5350,69.4900,69.9000,69.6600,69.6200,69.5900,69.1700,69.1600,69.1300,68.6200,69.4000,70.0200,68.5300,68.3600,68.5800,68.3800,68.2800,68.2100,68.5400,68.2700,68.2200,68.2900,68.3600,68.5400,68.6000,68.1000,68.3800,68.3100,67.9400,68.0400,67.6600,67.5200,67.5500,67.2100,67.2500,67.1400,67.0400,66.8000,66.9200,67.0500,67.4400,67.4600,67.0600,67.2200,67.2900,68.1000,67.6900,67.8500,67.9800,67.7900,67.7400,66.8200,67.0500,67.0500,66.8900,66.7800,66.7025,66.3600,66.2900,66.1200,66.0176,65.5100,65.7500,66.0800,64.1000,64.9600,64.9500,65.0600,64.7200,64.8600,64.6200,64.3100,64.8500,64.4300,64.5600,65.1100,65.4900,66.4300,66.6900,66.4600,66.9200,67.2400,67.4350,67.5200,67.3200,67.5500,67.0200,66.9700,66.6700,66.5100,67.5200,66.7505,66.4400,66.2900,66.1900,66.1300,66.2800,65.9500,66.2500
69.1600,69.9600,70.0700,70.0200,69.9650,70.1800,70.2000,70.0550,70.4400,70.2600,69.3200,70.2100,70.4600,68.8300,69.0400,68.8700,68.7200,68.7100,68.6550,68.6500,68.3600,68.5050,68.4500,68.3000,68.2300,68.1500,67.4800,67.4700,67.3300,66.9700,66.8700,66.5300,66.4200,66.2500,66.2600,66.1700,66.1900,66.1300,66.3000,65.9100,66.1200,66.5000,66.5000,66.4700,66.4800,66.7700,67.1900,67.0100,67.0800,66.9850,67.0900,66.2000,66.1500,65.9900,65.9800,65.9800,66.0000,66.2000,66.1300,66.2200,66.1400,65.9100,65.6100,65.4600,65.3000,65.8000,66.3000,66.1500,66.4300,66.1200,66.2100,66.0900,65.8200,66.3400,66.6000,66.1800,65.5700,66.0900,67.2100,67.3200,67.2100,67.7500,68.4700,68.3100,68.3800,68.0400,68.1800,67.8450,67.6100,67.0300,66.8100,67.6500,67.2100,67.1400,67.3050,67.3200,67.3300,67.3300,66.8900,67.0600
136.3500,136.3300,136.1200,136.8100,136.4200,136.0500,135.5400,134.9700,135.5250,136.4613,135.8700,136.4200,136.0800,134.5400,134.5000,134.4800,134.5800,134.6000,134.3900,134.5100,134.4100,134.6200,134.3300,134.1300,134.4200,134.4300,134.3000,134.2100,133.5900,133.4350,133.5300,132.8500,132.8600,132.7400,132.2100,132.3950,132.4600,132.6200,131.5100,130.2000,131.4700,131.9400,132.0565,132.0200,132.4000,132.9800,133.7200,133.3000,133.8200,133.9300,133.1800,132.9500,132.6300,132.9100,132.7000,132.4235,132.4800,132.3600,132.1500,132.4200,132.4200,132.2771,132.0000,131.8600,131.7000,131.3700,131.4500,131.0200,131.8900,131.6800,131.3875,131.3900,131.3000,131.3100,131.5000,132.6600,132.7490,132.4100,134.5200,135.3600,135.1600,135.8300,136.9000,136.8600,137.3300,136.7300,136.7200,136.7900,136.5400,136.8600,135.9900,137.5600,136.8400,136.2400,135.8250,135.7800,135.4500,135.5500,135.2950,135.5100
116.1200,117.3600,117.3600,117.8300,117.7600,117.8500,117.7400,116.9098,116.9100,117.1700,116.4000,117.7585,118.7500,120.5400,120.2400,120.7600,120.9300,120.9700,120.7400,121.6000,121.0200,121.2900,121.2540,120.6800,121.2250,121.0800,120.2100,120.1600,120.1700,119.6800,119.7400,119.4150,119.3300,119.2400,118.2200,118.8000,118.1500,117.2150,115.9800,115.2300,115.8000,116.4800,116.0100,115.5100,115.9700,116.9500,117.1950,116.5000,117.5300,117.6100,116.7850,116.1700,115.1600,115.4150,115.1500,114.7400,115.0500,114.9900,114.9800,114.8200,114.0800,113.8800,113.2800,112.1500,112.1400,107.7300,108.6900,108.6500,109.6600,109.0800,109.2800,108.7700,108.3700,109.1000,109.4000,109.2400,111.3500,112.2300,112.1800,113.2600,113.0800,113.1100,114.0500,113.2200,113.0800,112.9600,112.9600,112.4600,111.8500,111.2650,110.4700,111.9700,111.1300,110.8100,110.4600,110.9100,110.8400,110.8900,110.3500,110.9800
75.2600,76.3800,76.5700,76.9300,76.6800,76.5857,76.6300,76.4300,76.6900,76.6200,76.2700,77.1600,77.2100,76.0300,75.8950,75.8700,75.7200,75.6500,75.8200,76.2200,76.2400,76.5000,76.7900,76.2600,76.8800,77.4100,76.0500,75.7301,75.4900,75.5800,75.5000,74.7000,74.8800,74.9199,74.8200,74.6600,74.5800,74.2300,73.7800,73.8000,74.7350,75.2300,74.9150,74.7800,75.1200,75.5100,76.1499,75.6400,75.9600,75.9600,75.3800,75.0100,74.6800,74.8924,74.8000,74.5800,74.5000,74.2500,73.9000,73.8300,73.6300,73.3400,73.3700,73.2100,73.5900,71.8900,72.4100,72.4000,73.0600,72.6100,72.7000,72.3500,72.4668,72.7700,72.5000,72.2150,73.0700,73.3600,74.2900,74.5100,74.3400,74.7250,75.2900,75.4200,75.6400,75.6600,75.6800,75.7600,75.9300,75.7800,75.2700,76.1600,76.0100,75.8000,75.7600,76.1300,75.8700,76.0700,75.8100,76.1000
528.6300,533.5700,535.8800,537.3500,537.4700,537.1700,536.6600,534.2100,537.4500,534.9600,533.5700,528.2000,527.9900,547.1900,546.3100,550.1450,549.2000,547.6800,547.5550,552.7300,555.9700,554.8000,553.1750,541.4100,541.9621,547.6400,565.7700,567.4522,568.6500,568.2800,568.8000,567.8834,567.0600,563.2400,561.3700,559.3900,563.5400,565.7837,563.0800,565.9800,569.4750,570.2500,567.5000,564.2900,566.5350,566.5900,571.0601,569.9900,572.1700,570.8000,570.3400,569.7000,558.1200,557.5600,558.2600,560.8800,559.6550,559.1000,556.8100,561.5170,555.4000,552.0500,546.2800,541.3800,549.0900,545.5700,549.5100,546.6000,551.5000,549.4500,549.7400,548.7700,544.3800,544.7800,540.0800,548.5500,556.7500,558.7600,568.3400,565.3300,563.9000,573.5600,573.2700,566.0700,567.3900,566.2000,566.8900,564.6114,565.6600,564.3150,563.4600,568.8900,567.9200,566.2400,560.6800,563.8000,560.2000,561.9700,561.5415,559.8800
92.5100,93.1000,93.0100,93.1850,92.9500,93.0400,92.8300,92.4000,93.3400,93.6600,93.4000,95.0000,95.0100,90.8400,90.6000,90.2800,90.4200,90.3400,90.1300,89.7900,89.4200,89.7500,89.2260,88.7300,88.0200,87.4700,85.4900,85.9700,86.0200,85.5200,85.2600,84.5600,83.3300,83.5200,83.4800,83.5600,83.8100,83.1900,82.9300,82.6300,83.3350,83.9800,83.8900,83.7100,84.1899,84.1300,85.2400,84.4000,84.5600,84.8600,84.0100,84.5300,83.8200,84.0700,83.5800,83.2050,83.4800,83.9000,83.8300,83.8100,83.3100,82.8400,82.7000,83.8100,84.5200,82.8500,82.8700,82.6000,82.9700,82.6700,82.9000,82.3100,82.5600,82.3400,82.2100,82.8500,84.1800,84.8700,86.4900,86.8900,86.6500,86.9900,87.4700,87.4800,87.7900,87.2100,88.4900,88.6250,89.4300,89.0100,89.0500,91.7300,90.3050,89.8400,89.9500,90.1100,90.5450,90.0200,89.4800,89.2100
78.6900,79.5400,78.9700,79.1600,78.8100,78.7200,78.6400,78.2450,78.2000,78.1000,77.0900,78.1800,78.4610,77.7500,77.6750,77.4700,77.3050,77.3500,77.4200,77.9500,77.8100,77.9000,77.6800,77.6000,77.2800,76.9750,75.5900,75.6700,75.6500,75.3650,75.4400,74.9800,74.8800,74.9255,74.7800,74.7001,74.7000,74.6000,74.2850,75.1600,74.9200,75.2600,74.9500,74.6800,75.1800,75.3800,75.9360,75.7300,75.8800,75.5800,75.9000,76.0600,77.4400,77.4950,77.1000,77.0100,76.7600,76.6700,76.4300,76.5300,76.2600,75.9300,75.5400,75.2800,74.8200,72.9400,72.6600,72.6700,73.1250,72.8600,72.8600,72.2600,72.0700,72.2300,72.1300,72.4600,73.2100,73.3800,75.3300,75.5800,75.4300,75.7500,76.5600,76.3250,76.5300,76.4500,76.6600,76.4600,75.9500,75.6800,75.3000,77.0800,76.2100,75.8600,75.8400,75.4400,75.3654,75.5100,75.2700,75.5500
143.3600,145.2200,144.8800,145.4800,145.4000,144.7900,144.3900,143.3200,143.6400,144.1750,143.2800,144.5000,144.1400,147.6100,147.2500,147.4400,147.7600,148.0400,147.8100,148.7500,148.2700,147.9700,147.4100,148.0400,147.9000,148.1800,146.0500,145.2800,144.5000,143.9700,144.3100,142.5650,142.1600,142.1507,141.6800,141.4400,141.0900,141.2400,140.2169,140.8600,141.6300,143.1700,142.5850,141.6600,143.3600,144.8000,145.0700,144.1600,145.3641,145.0500,143.8600,142.5220,139.1800,139.0000,139.0400,139.1700,139.6900,139.4000,139.3000,139.0000,139.4300,139.7400,138.7100,138.6140,139.6300,137.4100,139.2950,138.9700,140.1300,139.6500,139.2400,138.7300,138.4800,139.6900,138.5200,140.9000,142.1600,142.3500,142.5600,142.2100,141.8200,143.8700,145.4400,144.1946,143.8000,144.0717,143.3300,142.5000,140.7700,138.7450,137.7200,136.9600,135.7221,134.5100,134.3584,134.6800,132.2450,133.5000,132.5100,132.8700
5.7500,5.8150,5.8200,5.8400,5.8100,5.7950,5.8300,5.7500,5.7400,5.6900,5.6400,5.6461,5.7400,5.6200,5.6550,5.6200,5.6100,5.6400,5.6300,5.6800,5.6900,5.6600,5.6550,5.6400,5.6000,5.6400,5.5100,5.4950,5.4700,5.4550,5.4300,5.3850,5.3600,5.3550,5.3600,5.3550,5.3500,5.3350,5.3300,5.3800,5.3750,5.4100,5.4264,5.4300,5.4250,5.4800,5.5450,5.5000,5.4250,5.3400,5.3873,5.3000,5.0400,5.0650,5.0800,5.0800,5.1000,5.0950,5.1100,5.0840,5.0900,5.0600,5.0400,5.0850,5.1000,5.0000,5.0200,5.0200,5.0350,5.0400,5.0564,5.0200,5.0250,5.0200,5.0300,5.0500,5.1050,5.1500,5.2300,5.1950,5.2000,5.2103,5.2800,5.2750,5.3100,5.3000,5.3300,5.2750,5.2800,5.2500,5.2400,5.3000,5.2850,5.2700,5.2500,5.2900,5.2800,5.2800,5.2250,5.2300
151.8300,152.5950,152.4600,153.2100,152.8900,152.5600,152.6800,151.8600,153.3400,154.3100,153.9400,154.3950,155.4000,154.1400,154.1300,154.7900,154.5000,154.2900,154.1900,154.2800,154.2600,154.2600,154.0000,153.6150,154.3200,154.1300,152.9900,152.8300,152.2000,152.0434,152.2900,151.8900,152.6500,152.1700,151.7500,151.5400,152.1700,151.9850,150.6000,152.0000,151.7950,151.9400,151.6900,151.1200,151.4300,151.8700,152.6900,151.9100,152.1800,152.3000,151.7775,150.6000,150.7200,150.1100,150.1700,150.0600,149.9000,150.1600,149.5600,149.5300,149.5000,148.6800,147.8000,148.7200,149.4800,145.1800,145.5950,145.1800,145.8750,145.2400,145.0800,144.0000,143.8800,144.0400,143.5650,145.0700,147.4900,149.2100,151.1200,152.0200,151.6400,152.6300,153.3000,153.5900,154.3000,154.0850,154.2100,154.1600,154.1000,153.8500,154.2800,154.9800,154.1350,153.7300,154.0800,154.5100,153.7600,154.1800,154.0300,153.7200
130.0800,131.1900,130.8500,132.1800,131.4300,130.9800,130.6600,129.4000,129.9600,129.9700,128.6400,130.5150,132.3500,132.6200,132.2600,132.3400,131.5800,131.6000,131.9600,132.3300,131.8000,131.4300,131.3900,131.0300,130.9100,131.3600,128.6400,128.4250,128.9300,128.7400,128.4100,127.8200,127.6350,127.4000,127.5000,126.8550,126.7000,127.2700,125.9100,131.7900,131.7350,133.0900,132.6150,131.7400,132.6700,133.1100,133.8600,133.3400,133.6600,134.2186,133.2100,131.9700,131.3000,130.6600,130.5200,129.8500,129.7600,129.8150,129.3100,129.5600,130.2800,129.1050,129.3300,129.0925,129.6900,127.3100,128.1100,127.3000,129.3400,128.1100,127.2500,124.8000,124.9500,125.3800,123.6400,124.5100,128.2300,130.4700,133.3600,134.2800,133.6620,134.1500,135.6100,135.2400,136.4850,136.1100,136.4700,135.9350,135.6800,134.4600,134.7800,135.1500,134.6000,134.8000,135.3300,135.3300,135.3100,135.4700,135.2100,134.7900
100.6800,101.8900,101.7600,102.1600,101.8000,101.7700,101.5900,100.9600,101.8200,101.5600,100.7100,102.4950,102.1300,98.4200,98.4200,98.3000,97.9900,98.1900,98.2700,98.7000,98.5199,98.8600,99.2656,97.6800,98.0200,99.3400,96.4900,96.2800,95.6800,95.4000,95.5500,94.8580,94.7500,94.7400,94.1500,93.9300,93.4500,93.4900,92.6500,92.8500,93.4000,94.1400,93.5800,93.1600,93.6300,93.8800,94.3400,93.7500,94.3500,94.2100,94.0250,93.1200,92.9200,92.8400,92.4000,92.4400,92.4200,92.3200,91.5700,91.4350,91.5800,92.0500,91.9700,91.9400,91.6300,88.2800,88.5200,88.6600,89.7600,89.3800,89.5951,89.3400,89.1852,88.8600,88.4400,88.5600,90.2747,90.2800,92.4900,92.6300,92.5350,92.9400,93.5400,93.9800,94.5100,94.3500,94.4300,94.2900,94.7300,94.1500,93.7900,95.3700,95.1850,94.7400,94.8000,95.0500,94.8400,95.0550,94.2600,94.1000
24.4700,24.5550,24.5700,24.5750,24.4900,24.5375,24.5200,24.5200,24.6600,24.5450,24.2300,24.6600,24.8200,24.4400,24.5950,24.6700,24.6850,24.6500,24.6300,24.6300,24.5350,24.4600,24.4050,24.4000,24.4050,24.3600,23.7800,23.8550,23.8000,23.7950,23.7900,23.6850,23.6750,23.5100,23.5400,23.5950,23.9600,23.7950,23.8600,23.7200,23.6200,23.7700,23.6400,23.6500,23.8000,23.9700,23.9750,24.0400,24.0450,23.8700,23.7600,23.4900,23.0000,23.0100,23.0100,23.0300,23.0700,23.1350,23.1000,23.1200,23.2100,23.2200,23.2500,23.2250,23.4700,23.2600,23.2750,23.2000,23.4000,23.2200,23.3200,23.2300,23.2000,23.3000,23.2500,23.1900,23.3700,23.2700,23.6600,23.6000,23.4050,23.3900,23.7400,23.8700,23.8500,23.8650,23.8000,23.4950,23.6200,23.2500,23.1000,23.8500,23.7250,23.7900,23.9600,23.7300,23.7300,23.8000,23.6500,23.5700
87.9400,88.7800,88.6100,89.0800,89.1400,88.9100,88.9200,88.5450,88.4950,88.9700,88.7200,89.7400,89.3750,90.9100,90.3800,90.2960,90.3900,90.2100,90.3799,90.1550,89.6100,89.4400,89.4350,89.4800,90.7950,91.0500,90.8000,90.2000,89.7500,89.6700,89.6300,89.1250,89.3000,89.3300,89.5300,90.1100,89.9450,89.8750,89.3000,90.3200,90.4900,91.5600,91.1900,90.6400,90.9900,90.7000,91.0300,90.6800,91.0700,91.7100,91.4900,90.9300,90.1100,90.0300,90.0000,90.0000,90.1300,90.4850,90.0800,89.8730,89.5000,89.2700,89.0200,89.1121,88.9100,87.2500,87.0000,86.9000,87.3800,87.2300,87.1900,86.8800,86.7800,86.7800,86.2450,86.7400,87.6400,88.4100,89.9000,90.1400,90.2100,90.4500,90.9450,90.8800,91.3700,91.2800,91.6300,91.3516,91.2400,90.9676,90.3800,91.0100,90.6100,90.4300,90.3300,90.5100,90.6400,91.0900,90.6200,90.9500
769.1400,771.3000,772.0600,779.9000,775.6900,778.0550,780.8400,775.3400,772.0400,772.1100,760.0300,771.5212,776.8600,798.9200,789.7750,794.5200,792.5500,787.7100,786.7650,782.5900,790.9900,788.6400,793.6067,783.8500,794.1888,784.5300,725.0400,725.8116,722.1100,715.5600,714.7200,712.4900,716.3000,712.8000,708.7400,708.1944,710.8500,711.9300,701.5400,705.5300,711.7610,717.7800,716.2100,715.1900,720.7986,719.7800,725.3300,724.7200,729.2599,727.1200,727.8100,719.4300,731.8200,722.9951,720.4400,719.6000,707.6000,706.0899,699.9800,699.3800,700.5600,698.6750,702.5000,697.7893,696.4400,687.2600,697.4000,699.9700,710.3800,704.8600,707.7921,690.5800,696.8512,694.1500,688.7224,706.4000,741.3258,744.5918,746.4100,753.4900,750.4600,747.7500,753.2700,753.3317,754.2700,750.6591,757.4900,758.5500,756.9800,750.9600,728.4300,753.6700,750.1200,754.6200,752.3000,752.1100,755.3500,759.6000,761.9600,763.4400
120.4700,121.2900,121.6900,121.8900,121.8700,122.7500,122.9700,122.7700,123.1100,123.1400,123.6450,123.3700,123.3600,125.9300,125.9500,126.3100,126.2700,125.3800,125.8600,126.2760,126.0600,125.9900,126.3700,125.4300,126.5250,126.9800,127.8900,127.4300,127.0800,127.3517,127.5900,127.1200,127.3900,127.4100,127.2600,126.5000,126.3200,126.9900,126.1200,124.5600,124.6200,125.1700,125.4200,124.8400,125.0650,125.5400,125.9500,125.8800,126.6200,127.2200,126.4850,126.4900,127.4600,127.6450,127.2500,127.5000,127.1700,126.7600,126.2500,125.8901,125.8200,125.8300,125.4100,126.1107,125.7700,125.8400,125.8600,125.4800,127.1700,126.4700,125.7100,124.9100,124.2300,124.8500,123.4400,124.2100,126.0900,127.7900,125.3700,125.4800,125.1400,124.9100,125.0500,124.5000,125.1500,124.2900,124.5500,123.7400,124.5200,124.1000,123.7700,124.5700,124.0700,124.2500,124.8700,124.0300,123.6100,123.5250,123.0466,123.2800
114.1800,115.4900,115.6600,116.2800,116.0200,115.6600,115.5400,115.5800,116.1000,116.6300,116.0900,117.2700,117.9600,115.8000,115.6300,115.4900,115.0700,115.0000,115.3100,115.3900,115.2450,115.3600,115.1430,114.2700,114.7700,114.6200,113.9400,113.6300,113.1600,113.0650,113.3700,112.6100,112.8300,112.7600,112.3100,112.2400,112.3500,112.0700,111.3700,110.4600,110.6600,111.3500,111.1000,110.7400,111.1300,111.5200,112.4800,112.4100,113.4750,113.5000,112.3500,112.1200,111.9900,112.0300,110.8800,110.2400,110.0100,109.9500,109.8600,109.9800,109.4200,109.9600,110.4500,110.9300,109.8900,107.0600,107.1800,107.7200,108.2500,107.4900,107.2000,107.0000,107.5400,107.3300,107.1300,107.9000,109.2200,110.0400,111.4600,112.7000,113.3200,113.9900,114.4500,114.4100,114.9100,114.5396,114.0400,114.0000,114.7100,113.5900,112.3300,113.5400,112.9200,112.3900,112.1000,112.3400,111.9700,112.1300,111.5700,111.4800
27.8400,27.8400,28.0000,28.0100,27.3000,27.2100,27.0200,26.8893,26.8000,26.6400,25.9600,26.6952,26.4900,25.0100,25.6850,25.7800,25.8600,26.0500,26.0358,26.3200,25.9500,25.8800,25.7589,25.6600,25.4400,25.2900,25.5700,25.7332,25.8300,25.6300,25.5700,25.3367,25.3800,24.9050,24.9100,24.9596,25.0900,25.1200,25.6700,25.7300,26.0801,26.0500,26.1000,26.1000,26.3450,26.2700,26.4798,26.5000,26.4100,26.3800,26.4400,26.1700,25.8900,26.0101,25.7500,25.7300,25.4300,25.9300,25.9600,26.0998,26.0800,25.9299,26.0500,26.0050,26.9200,27.9500,27.9300,28.0100,28.0600,27.6900,27.8719,27.9200,27.7400,27.7400,27.5989,27.6500,28.2746,28.2782,27.7900,27.7300,27.3701,27.3600,27.9400,28.1197,28.0101,28.1600,28.5300,28.3402,28.1100,27.5880,27.5500,29.0700,29.1950,29.3500,29.2860,29.3200,29.5765,29.3850,29.1600,29.2300
218.5900,220.8350,218.8300,218.2800,216.7000,215.4150,214.8100,214.5700,214.3700,213.1450,211.1800,214.4700,213.5500,208.2100,208.4300,208.6500,209.9800,210.8700,210.9950,211.4730,212.8100,212.6700,212.4000,211.9100,210.5000,211.4400,210.6400,209.7900,208.2750,206.4750,205.5100,205.1200,204.0400,204.2638,204.8900,205.0300,206.1200,204.0450,206.9100,210.6300,212.9350,214.0100,213.3200,212.5200,214.9950,215.2400,217.3700,215.6700,214.6300,214.6200,212.3500,212.2200,208.7100,209.8100,209.7700,208.4400,208.3500,208.0000,208.3400,207.3047,207.8400,208.0000,206.4400,206.1600,207.2200,201.8800,202.0350,203.1500,203.4900,201.7000,203.4500,202.7200,201.2193,201.1100,201.1300,202.3100,205.5000,205.7000,208.0900,208.8700,208.7700,208.3000,208.3100,209.5100,209.5000,209.8200,209.5500,210.5200,209.8300,210.6300,211.0200,215.5300,213.3150,212.3200,211.5050,212.4800,212.5400,213.5600,210.0300,210.9100
151.7800,152.6900,152.8600,153.5100,153.3900,153.0900,153.3100,152.8100,153.1500,153.4200,151.7000,152.8600,152.5600,151.8100,150.9150,151.1600,151.5800,151.2600,151.8900,151.7600,151.0300,151.5800,150.8300,150.8800,151.2200,151.2300,148.5400,148.3600,147.8800,147.5850,147.7300,147.4400,147.5100,147.6600,146.8600,147.0300,147.0800,147.3000,147.5900,147.6200,147.1000,149.1900,149.1750,149.2400,149.6800,150.0200,150.6000,150.8600,151.5900,152.0600,150.6900,151.2700,151.1900,151.4400,150.8450,150.1300,149.9800,149.9900,150.1000,149.9301,149.7900,149.0300,148.3400,148.4000,148.9000,145.5100,145.9800,145.0250,146.1500,145.4200,145.6700,145.0600,145.2300,145.4900,144.7800,146.4400,147.4683,147.1600,149.3400,149.1200,148.5350,148.5400,149.6000,149.3650,150.4600,150.5950,150.6900,150.5200,150.4600,151.0200,149.9100,153.8000,152.4700,151.9700,151.9750,151.8500,151.5900,152.2100,151.7750,151.8500
211.0400,211.6650,212.6500,213.1600,213.2800,213.6400,213.5200,212.7110,212.7200,214.9500,214.4050,215.4200,215.9400,214.2300,214.2500,214.2300,214.0400,214.1700,214.9250,215.0300,214.9595,214.8800,214.6300,213.9700,214.2300,213.8000,212.1400,211.4200,210.8600,210.8900,211.2800,211.9300,211.9100,212.7100,210.9300,211.8400,212.1400,211.0046,211.5500,212.6500,213.9600,216.2500,214.6600,214.3900,214.4200,216.8500,216.2080,216.5500,215.7200,215.6500,216.1550,215.5300,215.7600,215.6300,215.7450,215.0750,214.7400,214.6600,213.8700,214.2200,213.6300,213.5454,211.6600,211.9300,210.6900,207.0900,207.1950,206.7850,208.6800,207.9900,207.2450,205.8700,204.9400,205.7600,204.3750,204.1100,208.0200,209.1400,210.9100,211.2600,210.2800,211.1200,211.8500,211.6000,212.7500,211.4600,210.9600,211.2150,210.8100,211.0300,210.3900,209.9200,208.9800,208.0400,206.6800,206.9700,206.6400,206.7500,206.4200,206.9300
256.8900,260.1100,260.3700,260.8000,261.4757,259.6000,259.3000,256.1500,255.3300,255.8750,255.0000,256.7303,258.2400,268.4000,270.8000,271.8300,271.0700,271.8900,271.2600,272.3300,272.8300,271.9700,271.5700,271.4100,270.2100,271.0500,269.8600,270.0000,269.7600,268.6200,268.6500,267.4800,267.7900,268.9600,267.6300,267.3200,267.1600,268.5450,266.7200,267.9900,268.2800,270.4300,271.0900,270.7800,271.6500,271.2000,275.5050,274.9000,277.0104,276.0500,276.0000,274.8600,269.2600,270.1400,270.7100,269.2300,269.5100,269.1600,267.8400,268.3100,267.4000,266.2804,265.6600,266.4360,266.1700,263.0000,264.5200,264.8900,267.0750,266.5500,267.0300,265.5000,265.1800,266.0200,264.1300,266.8600,268.8000,273.1200,273.2000,276.1225,273.4000,274.7100,273.7150,272.7400,273.4900,273.7650,274.4400,273.9800,272.2300,271.6000,271.0000,270.4800,269.0400,268.8100,269.7500,269.5100,269.4600,268.8900,267.5600,268.9700
44.6700,44.8850,44.9100,45.1950,44.9900,45.0000,44.9500,44.9300,44.8300,44.5350,44.1000,45.3300,45.0600,44.4300,44.4300,44.3700,44.2100,43.9687,44.0787,43.8000,43.8326,44.0100,44.0000,43.9100,44.2000,44.4100,43.7200,43.8000,43.6300,43.4450,43.4600,43.3900,43.2800,43.2900,43.2300,43.0700,43.1199,43.2400,43.5000,43.5000,43.4900,43.6800,43.6500,43.4700,43.6184,43.6900,43.9700,43.9000,44.0100,44.0600,44.1094,44.0900,43.3100,43.2057,43.2400,43.0400,42.9500,43.0600,43.1500,43.0700,43.1000,42.9900,42.8200,42.9400,42.7500,42.6800,42.4800,42.2500,42.4900,42.3000,42.3300,42.3200,41.9750,42.1600,42.1200,42.3100,42.6119,42.6100,42.8000,43.1890,42.9000,43.3700,43.7400,43.8720,43.8400,43.9600,43.8900,44.1800,44.4100,44.1870,44.0500,44.4950,44.1750,44.2100,44.2100,44.3100,44.2700,44.6700,44.3400,44.2700
145.0500,146.5525,146.3900,146.9600,146.7500,146.4750,146.3100,145.0100,145.3300,146.1000,145.0100,148.5000,149.1900,148.1500,147.9800,147.7400,147.3800,147.2300,146.8600,148.0100,147.6100,146.8500,145.9500,144.7600,145.9700,145.9300,144.9300,145.0200,145.1100,145.0325,145.5450,144.6525,144.6100,143.7500,142.8800,142.8800,143.2400,143.0300,141.8400,143.4600,144.3400,145.6000,144.8500,143.5000,144.5200,145.1000,146.3300,145.1800,146.9750,147.0983,146.2700,146.2800,145.6900,146.0300,146.0200,145.5500,146.3900,146.2115,145.7200,145.4550,145.2700,145.3100,143.9000,144.4800,143.1700,140.4900,141.8500,141.6700,143.6100,141.7300,140.6700,138.7700,138.6980,140.0553,138.0900,138.3600,143.0900,145.7400,150.9700,151.1200,150.2350,149.6646,151.6900,151.2900,151.4300,151.9950,153.2600,152.6000,152.8300,150.8000,150.4600,149.3100,148.8800,148.2500,148.8950,149.5900,149.5200,149.4300,148.5300,148.6600
44.7000,44.7800,44.4200,44.6000,44.3000,44.3500,44.2600,44.1700,44.4300,44.0550,43.3800,44.1300,44.2800,43.1100,43.0100,43.0100,42.6500,42.7300,42.6700,42.8500,42.7800,42.9300,42.8200,42.4000,42.6600,42.9100,40.6900,40.9000,40.8143,40.5600,40.4300,40.1300,39.9100,39.9500,39.8900,39.9100,39.7700,39.6403,39.1400,39.3900,39.3600,39.4400,39.3700,39.2500,39.5100,39.7700,40.2100,39.8700,40.0600,39.8400,39.7300,39.4200,39.9100,39.8550,39.8800,39.6900,39.8500,39.6400,39.5200,39.4150,39.5200,39.3600,39.3700,39.3100,39.1600,37.8800,38.0000,37.8700,38.3299,38.1300,38.3672,38.2500,38.2100,38.0700,38.0300,38.1500,38.5763,38.8500,39.5700,39.7500,39.5800,39.8800,40.2800,40.6100,41.0100,40.9000,40.8100,40.4600,40.7500,40.3000,40.1900,42.3150,42.0300,41.8200,41.8250,41.8700,41.8800,42.0300,41.9800,41.9000
174.9400,176.5200,176.7000,177.3700,177.5400,178.0000,178.0200,177.6000,177.1800,176.9800,176.2800,177.5700,176.1600,176.0100,175.5800,175.0600,175.2600,174.9900,175.1400,175.0100,175.4950,175.9600,175.6900,175.7800,176.1100,176.1300,177.1700,176.9500,177.2500,176.6800,176.8900,176.8800,176.8400,176.9500,176.8100,176.9000,176.8100,177.1900,176.0300,177.0100,176.6050,177.6800,177.5500,178.1100,179.4300,180.7000,182.4100,182.0100,183.5900,183.9200,182.1600,182.4200,185.6700,186.0500,185.6200,185.4500,184.8200,185.0000,183.9050,185.1100,184.2100,183.3150,183.4000,184.8950,181.8600,182.6100,183.7550,183.1700,183.5800,183.4500,184.4750,184.5800,184.1200,184.7700,185.0800,184.9100,185.3400,185.6700,188.8500,187.3200,188.2750,189.5750,190.2600,190.0000,190.5900,190.8600,191.4900,191.6950,191.2600,191.7100,190.2900,195.0700,195.0900,195.4800,194.5800,195.1900,195.0350,194.5900,193.2800,193.0500
66.1700,66.2200,66.0700,65.9600,65.9000,65.7657,65.7900,65.6200,65.8900,66.4150,65.9400,66.6400,66.2900,65.4900,65.5700,65.5200,65.4500,65.2010,65.1600,65.1600,65.1700,65.1450,64.9434,65.0500,65.1100,64.9000,64.5600,64.3300,64.3500,64.0400,64.1000,63.9800,63.9200,64.0200,63.6400,63.8100,63.5400,63.7800,63.6100,64.3900,64.2600,64.5800,64.3500,63.9800,63.9400,63.8500,64.2600,64.0100,64.1350,64.7700,64.8600,65.0200,65.3200,65.3100,65.2500,65.1100,65.1500,65.0100,64.7300,64.9500,64.6900,64.6400,64.4900,64.6850,64.3200,63.6700,63.3100,63.0200,63.5450,63.2700,63.6150,63.4700,63.3100,63.5700,63.7600,63.8500,64.2000,64.0600,64.3600,64.6100,64.5700,64.9300,65.2600,65.4400,66.0700,65.9300,65.9300,65.8100,65.6800,65.7700,66.1600,67.1500,66.5000,66.0900,66.0200,66.1600,66.0100,66.1000,65.9600,65.8900
1,1,1,1,1,1,1,1,1,1,1,1,1,1,1,1,1,1,1,1,1,1,1,1,1,1,1,1,1,1,1,1,1,1,1,1,1,1,1,1,1,1,1,1,1,1,1,1,1,1,1,1,1,1,1,1,1,1,1,1,1,1,1,1,1,1,1,1,1,1,1,1,1,1,1,1,1,1,1,1,1,1,1,1,1,1,1,1,1,1,1,1,1,1,1,1,1,1,1,1
